0 0
0.5 286.9362
1 193.8271
1.5 148.6448
2 122.0303
2.5 104.1888
3 90.9925
3.5 81.1179
4 73.5823
4.5 67.5076
5 62.3823
5.5 58.047
6 54.3287
6.5 51.1016
7 48.2721
7.5 45.7913
8 43.5558
8.5 41.5493
9 39.7376
9.5 38.0927
10 36.592
10.5 35.2171
11 33.9638
11.5 32.7943
12 31.7109
12.5 30.7042
13 29.7662
13.5 28.8897
14 28.0688
14.5 27.2984
15 26.5736
15.5 25.8907
16 25.246
16.5 24.6361
17 24.0582
17.5 23.5098
18 22.9886
18.5 22.4927
19 22.02
19.5 21.5692
20 21.1385
20.5 20.7267
21 20.3325
21.5 19.9547
22 19.5924
22.5 19.2446
23 18.9104
23.5 18.589
24 18.2797
24.5 17.9817
25 17.6945
25.5 17.4175
26 17.1501
26.5 16.8918
27 16.6421
27.5 16.4007
28 16.1672
28.5 15.9409
29 15.7218
29.5 15.5093
30 15.3034
30.5 15.1035
31 14.9095
31.5 14.7211
32 14.538
32.5 14.36
33 14.1869
33.5 14.0186
34 13.8547
34.5 13.6952
35 13.5398
35.5 13.3884
36 13.2408
36.5 13.0969
37 12.9566
37.5 12.8197
38 12.686
38.5 12.5555
39 12.4282
39.5 12.3037
40 12.182
40.5 12.0631
41 11.9468
41.5 11.8332
42 11.7219
42.5 11.6131
43 11.5066
43.5 11.4024
44 11.3003
44.5 11.2003
45 11.1023
45.5 11.0064
46 10.9123
46.5 10.8201
47 10.7297
47.5 10.641
48 10.554
48.5 10.4687
49 10.3849
49.5 10.3027
50 10.222
50.5 10.1428
51 10.0651
51.5 9.9887
52 9.9137
52.5 9.8399
53 9.7674
53.5 9.6962
54 9.6263
54.5 9.5575
55 9.4898
55.5 9.4233
56 9.3578
56.5 9.2935
57 9.2302
57.5 9.1678
58 9.1065
58.5 9.0462
59 8.9867
59.5 8.9282
60 8.8706
60.5 8.814
61 8.7581
61.5 8.7031
62 8.6489
62.5 8.5955
63 8.5428
63.5 8.491
64 8.4399
64.5 8.3895
65 8.3399
65.5 8.2909
66 8.2427
66.5 8.1951
67 8.1481
67.5 8.1018
68 8.0562
68.5 8.0111
69 7.9667
69.5 7.9228
70 7.8796
70.5 7.8369
71 7.7947
71.5 7.7531
72 7.7121
72.5 7.6715
73 7.6315
73.5 7.592
74 7.553
74.5 7.5144
75 7.4764
75.5 7.4388
76 7.4017
76.5 7.365
77 7.3288
77.5 7.293
78 7.2576
78.5 7.2226
79 7.1881
79.5 7.1539
80 7.1202
80.5 7.0868
81 7.0539
81.5 7.0213
82 6.989
82.5 6.9572
83 6.9257
83.5 6.8945
84 6.8637
84.5 6.8333
85 6.8031
85.5 6.7733
86 6.7438
86.5 6.7147
87 6.6858
87.5 6.6573
88 6.629
88.5 6.6011
89 6.5734
89.5 6.5461
90 6.519
90.5 6.4922
91 6.4657
91.5 6.4394
92 6.4134
92.5 6.3877
93 6.3622
93.5 6.337
94 6.312
94.5 6.2873
95 6.2629
95.5 6.2386
96 6.2146
96.5 6.1909
97 6.1673
97.5 6.144
98 6.1209
98.5 6.0981
99 6.0754
99.5 6.053
100 6.0307
100.5 6.0087
101 5.9869
101.5 5.9653
102 5.9439
102.5 5.9227
103 5.9016
103.5 5.8808
104 5.8601
104.5 5.8397
105 5.8194
105.5 5.7993
106 5.7794
106.5 5.7596
107 5.74
107.5 5.7206
108 5.7014
108.5 5.6823
109 5.6634
109.5 5.6447
110 5.6261
110.5 5.6077
111 5.5894
111.5 5.5713
112 5.5533
112.5 5.5355
113 5.5178
113.5 5.5003
114 5.483
114.5 5.4657
115 5.4486
115.5 5.4317
116 5.4149
116.5 5.3982
117 5.3816
117.5 5.3652
118 5.349
118.5 5.3328
119 5.3168
119.5 5.3009
120 5.2851
120.5 5.2695
121 5.2539
121.5 5.2385
122 5.2232
122.5 5.2081
123 5.193
123.5 5.1781
124 5.1633
124.5 5.1486
125 5.134
125.5 5.1195
126 5.1051
126.5 5.0908
127 5.0766
127.5 5.0626
128 5.0486
128.5 5.0347
129 5.021
129.5 5.0073
130 4.9938
130.5 4.9803
131 4.967
131.5 4.9537
132 4.9405
132.5 4.9274
133 4.9145
133.5 4.9016
134 4.8888
134.5 4.8761
135 4.8634
135.5 4.8509
136 4.8385
136.5 4.8261
137 4.8138
137.5 4.8016
138 4.7895
138.5 4.7775
139 4.7656
139.5 4.7537
140 4.7419
140.5 4.7302
141 4.7186
141.5 4.7071
142 4.6956
142.5 4.6842
143 4.6729
143.5 4.6617
144 4.6505
144.5 4.6394
145 4.6284
145.5 4.6174
146 4.6066
146.5 4.5957
147 4.585
147.5 4.5743
148 4.5637
148.5 4.5532
149 4.5428
149.5 4.5324
150 4.522
150.5 4.5118
151 4.5016
151.5 4.4914
152 4.4813
152.5 4.4713
153 4.4614
153.5 4.4515
154 4.4417
154.5 4.4319
155 4.4222
155.5 4.4126
156 4.403
156.5 4.3934
157 4.384
157.5 4.3745
158 4.3652
158.5 4.3559
159 4.3466
159.5 4.3375
160 4.3283
160.5 4.3192
161 4.3102
161.5 4.3012
162 4.2923
162.5 4.2835
163 4.2746
163.5 4.2659
164 4.2572
164.5 4.2485
165 4.2399
165.5 4.2313
166 4.2228
166.5 4.2143
167 4.2059
167.5 4.1975
168 4.1892
168.5 4.181
169 4.1727
169.5 4.1646
170 4.1564
170.5 4.1483
171 4.1403
171.5 4.1323
172 4.1243
172.5 4.1164
173 4.1085
173.5 4.1007
174 4.0929
174.5 4.0852
175 4.0775
175.5 4.0699
176 4.0622
176.5 4.0547
177 4.0472
177.5 4.0397
178 4.0322
178.5 4.0248
179 4.0174
179.5 4.0101
180 4.0028
180.5 3.9956
181 3.9884
181.5 3.9812
182 3.974
182.5 3.9669
183 3.9599
183.5 3.9528
184 3.9459
184.5 3.9389
185 3.932
185.5 3.9251
186 3.9183
186.5 3.9115
187 3.9047
187.5 3.8979
188 3.8912
188.5 3.8846
189 3.8779
189.5 3.8713
190 3.8648
190.5 3.8582
191 3.8517
191.5 3.8452
192 3.8388
192.5 3.8324
193 3.826
193.5 3.8197
194 3.8134
194.5 3.8071
195 3.8008
195.5 3.7946
196 3.7884
196.5 3.7823
197 3.7762
197.5 3.77
198 3.764
198.5 3.7579
199 3.7519
199.5 3.746
200 3.74
200.5 3.7341
201 3.7282
201.5 3.7223
202 3.7165
202.5 3.7107
203 3.7049
203.5 3.6991
204 3.6934
204.5 3.6877
205 3.682
205.5 3.6764
206 3.6708
206.5 3.6652
207 3.6596
207.5 3.6541
208 3.6485
208.5 3.6431
209 3.6376
209.5 3.6322
210 3.6267
210.5 3.6213
211 3.616
211.5 3.6106
212 3.6053
212.5 3.6
213 3.5948
213.5 3.5895
214 3.5843
214.5 3.5791
215 3.5739
215.5 3.5688
216 3.5637
216.5 3.5585
217 3.5535
217.5 3.5484
218 3.5434
218.5 3.5384
219 3.5334
219.5 3.5284
220 3.5234
220.5 3.5185
221 3.5136
221.5 3.5087
222 3.5039
222.5 3.499
223 3.4942
223.5 3.4894
224 3.4846
224.5 3.4799
225 3.4751
225.5 3.4704
226 3.4657
226.5 3.4611
227 3.4564
227.5 3.4518
228 3.4472
228.5 3.4426
229 3.438
229.5 3.4334
230 3.4289
230.5 3.4244
231 3.4199
231.5 3.4154
232 3.4109
232.5 3.4065
233 3.4021
233.5 3.3977
234 3.3933
234.5 3.3889
235 3.3845
235.5 3.3802
236 3.3759
236.5 3.3716
237 3.3673
237.5 3.3631
238 3.3588
238.5 3.3546
239 3.3504
239.5 3.3462
240 3.342
240.5 3.3378
241 3.3337
241.5 3.3296
242 3.3255
242.5 3.3214
243 3.3173
243.5 3.3132
244 3.3092
244.5 3.3052
245 3.3012
245.5 3.2972
246 3.2932
246.5 3.2892
247 3.2853
247.5 3.2813
248 3.2774
248.5 3.2735
249 3.2696
249.5 3.2658
250 3.2619
250.5 3.2581
251 3.2543
251.5 3.2504
252 3.2466
252.5 3.2429
253 3.2391
253.5 3.2354
254 3.2316
254.5 3.2279
255 3.2242
255.5 3.2205
256 3.2168
256.5 3.2131
257 3.2095
257.5 3.2059
258 3.2022
258.5 3.1986
259 3.195
259.5 3.1914
260 3.1879
260.5 3.1843
261 3.1808
261.5 3.1772
262 3.1737
262.5 3.1702
263 3.1667
263.5 3.1633
264 3.1598
264.5 3.1563
265 3.1529
265.5 3.1495
266 3.1461
266.5 3.1427
267 3.1393
267.5 3.1359
268 3.1325
268.5 3.1292
269 3.1259
269.5 3.1225
270 3.1192
270.5 3.1159
271 3.1126
271.5 3.1093
272 3.1061
272.5 3.1028
273 3.0996
273.5 3.0964
274 3.0931
274.5 3.0899
275 3.0867
275.5 3.0836
276 3.0804
276.5 3.0772
277 3.0741
277.5 3.0709
278 3.0678
278.5 3.0647
279 3.0616
279.5 3.0585
280 3.0554
280.5 3.0523
281 3.0493
281.5 3.0462
282 3.0432
282.5 3.0401
283 3.0371
283.5 3.0341
284 3.0311
284.5 3.0281
285 3.0252
285.5 3.0222
286 3.0192
286.5 3.0163
287 3.0133
287.5 3.0104
288 3.0075
288.5 3.0046
289 3.0017
289.5 2.9988
290 2.9959
290.5 2.9931
291 2.9902
291.5 2.9874
292 2.9845
292.5 2.9817
293 2.9789
293.5 2.9761
294 2.9733
294.5 2.9705
295 2.9677
295.5 2.9649
296 2.9622
296.5 2.9594
297 2.9567
297.5 2.9539
298 2.9512
298.5 2.9485
299 2.9458
299.5 2.9431
300 2.9404
300.5 2.9377
301 2.9351
301.5 2.9324
302 2.9297
302.5 2.9271
303 2.9245
303.5 2.9218
304 2.9192
304.5 2.9166
305 2.914
305.5 2.9114
306 2.9088
306.5 2.9062
307 2.9037
307.5 2.9011
308 2.8986
308.5 2.896
309 2.8935
309.5 2.891
310 2.8884
310.5 2.8859
311 2.8834
311.5 2.8809
312 2.8784
312.5 2.876
313 2.8735
313.5 2.871
314 2.8686
314.5 2.8661
315 2.8637
315.5 2.8613
316 2.8588
316.5 2.8564
317 2.854
317.5 2.8516
318 2.8492
318.5 2.8468
319 2.8444
319.5 2.8421
320 2.8397
320.5 2.8374
321 2.835
321.5 2.8327
322 2.8303
322.5 2.828
323 2.8257
323.5 2.8234
324 2.8211
324.5 2.8188
325 2.8165
325.5 2.8142
326 2.8119
326.5 2.8096
327 2.8074
327.5 2.8051
328 2.8029
328.5 2.8006
329 2.7984
329.5 2.7962
330 2.7939
330.5 2.7917
331 2.7895
331.5 2.7873
332 2.7851
332.5 2.7829
333 2.7808
333.5 2.7786
334 2.7764
334.5 2.7743
335 2.7721
335.5 2.7699
336 2.7678
336.5 2.7657
337 2.7635
337.5 2.7614
338 2.7593
338.5 2.7572
339 2.7551
339.5 2.753
340 2.7509
340.5 2.7488
341 2.7467
341.5 2.7446
342 2.7426
342.5 2.7405
343 2.7385
343.5 2.7364
344 2.7344
344.5 2.7323
345 2.7303
345.5 2.7283
346 2.7262
346.5 2.7242
347 2.7222
347.5 2.7202
348 2.7182
348.5 2.7162
349 2.7143
349.5 2.7123
350 2.7103
350.5 2.7083
351 2.7064
351.5 2.7044
352 2.7025
352.5 2.7005
353 2.6986
353.5 2.6967
354 2.6947
354.5 2.6928
355 2.6909
355.5 2.689
356 2.6871
356.5 2.6852
357 2.6833
357.5 2.6814
358 2.6795
358.5 2.6776
359 2.6757
359.5 2.6739
360 2.672
360.5 2.6701
361 2.6683
361.5 2.6664
362 2.6646
362.5 2.6628
363 2.6609
363.5 2.6591
364 2.6573
364.5 2.6555
365 2.6536
365.5 2.6518
366 2.65
366.5 2.6482
367 2.6464
367.5 2.6447
368 2.6429
368.5 2.6411
369 2.6393
369.5 2.6376
370 2.6358
370.5 2.634
371 2.6323
371.5 2.6305
372 2.6288
372.5 2.6271
373 2.6253
373.5 2.6236
374 2.6219
374.5 2.6202
375 2.6184
375.5 2.6167
376 2.615
376.5 2.6133
377 2.6116
377.5 2.6099
378 2.6082
378.5 2.6066
379 2.6049
379.5 2.6032
380 2.6015
380.5 2.5999
381 2.5982
381.5 2.5966
382 2.5949
382.5 2.5933
383 2.5916
383.5 2.59
384 2.5883
384.5 2.5867
385 2.5851
385.5 2.5835
386 2.5819
386.5 2.5802
387 2.5786
387.5 2.577
388 2.5754
388.5 2.5738
389 2.5722
389.5 2.5707
390 2.5691
390.5 2.5675
391 2.5659
391.5 2.5643
392 2.5628
392.5 2.5612
393 2.5597
393.5 2.5581
394 2.5566
394.5 2.555
395 2.5535
395.5 2.5519
396 2.5504
396.5 2.5489
397 2.5473
397.5 2.5458
398 2.5443
398.5 2.5428
399 2.5413
399.5 2.5398
400 2.5383
