0 0
0.5 340.0898
1 223.18
1.5 169.2264
2 138.0271
2.5 117.3332
3 102.1439
3.5 90.8326
4 82.2287
4.5 75.314
5 69.4971
5.5 64.5877
6 60.3852
6.5 56.744
7 53.556
7.5 50.7643
8 48.2519
8.5 45.9993
9 43.9673
9.5 42.1242
10 40.444
10.5 38.9057
11 37.5044
11.5 36.1978
12 34.9881
12.5 33.8648
13 32.8186
13.5 31.8416
14 30.927
14.5 30.0691
15 29.2623
15.5 28.5024
16 27.7853
16.5 27.1072
17 26.4649
17.5 25.8556
18 25.2767
18.5 24.7261
19 24.2015
19.5 23.7013
20 23.2235
20.5 22.7668
21 22.3298
21.5 21.9111
22 21.5095
22.5 21.1243
23 20.7541
23.5 20.3982
24 20.0557
24.5 19.7259
25 19.4081
25.5 19.1015
26 18.8058
26.5 18.5201
27 18.244
27.5 17.9771
28 17.7189
28.5 17.4689
29 17.2267
29.5 16.992
30 16.7645
30.5 16.5437
31 16.3295
31.5 16.1214
32 15.9193
32.5 15.7229
33 15.5318
33.5 15.3461
34 15.1652
34.5 14.9893
35 14.8178
35.5 14.6508
36 14.4881
36.5 14.3294
37 14.1746
37.5 14.0237
38 13.8764
38.5 13.7325
39 13.5922
39.5 13.455
40 13.3209
40.5 13.19
41 13.0618
41.5 12.9366
42 12.8141
42.5 12.6943
43 12.577
43.5 12.4622
44 12.3498
44.5 12.2398
45 12.1319
45.5 12.0263
46 11.9227
46.5 11.8213
47 11.7218
47.5 11.6242
48 11.5285
48.5 11.4346
49 11.3424
49.5 11.252
50 11.1633
50.5 11.0762
51 10.9907
51.5 10.9067
52 10.8242
52.5 10.7431
53 10.6634
53.5 10.5851
54 10.5083
54.5 10.4327
55 10.3583
55.5 10.2852
56 10.2132
56.5 10.1425
57 10.0729
57.5 10.0044
58 9.937
58.5 9.8708
59 9.8055
59.5 9.7412
60 9.6779
60.5 9.6157
61 9.5543
61.5 9.4939
62 9.4344
62.5 9.3757
63 9.3179
63.5 9.2611
64 9.2049
64.5 9.1496
65 9.0951
65.5 9.0413
66 8.9884
66.5 8.9361
67 8.8846
67.5 8.8338
68 8.7837
68.5 8.7343
69 8.6855
69.5 8.6374
70 8.5899
70.5 8.5431
71 8.4968
71.5 8.4512
72 8.4061
72.5 8.3617
73 8.3178
73.5 8.2744
74 8.2316
74.5 8.1894
75 8.1476
75.5 8.1064
76 8.0657
76.5 8.0254
77 7.9857
77.5 7.9464
78 7.9077
78.5 7.8693
79 7.8315
79.5 7.794
80 7.757
80.5 7.7205
81 7.6843
81.5 7.6486
82 7.6133
82.5 7.5783
83 7.5438
83.5 7.5097
84 7.4759
84.5 7.4425
85 7.4095
85.5 7.3768
86 7.3445
86.5 7.3125
87 7.2809
87.5 7.2496
88 7.2187
88.5 7.1881
89 7.1578
89.5 7.1278
90 7.0981
90.5 7.0688
91 7.0397
91.5 7.0109
92 6.9825
92.5 6.9543
93 6.9264
93.5 6.8988
94 6.8714
94.5 6.8444
95 6.8176
95.5 6.791
96 6.7647
96.5 6.7387
97 6.7129
97.5 6.6874
98 6.6621
98.5 6.6371
99 6.6123
99.5 6.5877
100 6.5634
100.5 6.5393
101 6.5154
101.5 6.4917
102 6.4683
102.5 6.445
103 6.422
103.5 6.3992
104 6.3766
104.5 6.3542
105 6.332
105.5 6.31
106 6.2882
106.5 6.2666
107 6.2451
107.5 6.2239
108 6.2028
108.5 6.182
109 6.1613
109.5 6.1408
110 6.1204
110.5 6.1003
111 6.0803
111.5 6.0605
112 6.0408
112.5 6.0213
113 6.002
113.5 5.9828
114 5.9638
114.5 5.945
115 5.9263
115.5 5.9077
116 5.8893
116.5 5.8711
117 5.853
117.5 5.835
118 5.8172
118.5 5.7995
119 5.782
119.5 5.7646
120 5.7474
120.5 5.7303
121 5.7133
121.5 5.6964
122 5.6797
122.5 5.6631
123 5.6466
123.5 5.6303
124 5.6141
124.5 5.598
125 5.582
125.5 5.5662
126 5.5504
126.5 5.5348
127 5.5193
127.5 5.504
128 5.4887
128.5 5.4735
129 5.4585
129.5 5.4436
130 5.4287
130.5 5.414
131 5.3994
131.5 5.3849
132 5.3705
132.5 5.3562
133 5.342
133.5 5.3279
134 5.3139
134.5 5.3
135 5.2862
135.5 5.2725
136 5.2589
136.5 5.2454
137 5.232
137.5 5.2187
138 5.2054
138.5 5.1923
139 5.1792
139.5 5.1663
140 5.1534
140.5 5.1406
141 5.1279
141.5 5.1153
142 5.1028
142.5 5.0903
143 5.0779
143.5 5.0657
144 5.0535
144.5 5.0413
145 5.0293
145.5 5.0173
146 5.0054
146.5 4.9936
147 4.9819
147.5 4.9702
148 4.9587
148.5 4.9471
149 4.9357
149.5 4.9244
150 4.9131
150.5 4.9019
151 4.8907
151.5 4.8796
152 4.8686
152.5 4.8577
153 4.8468
153.5 4.836
154 4.8253
154.5 4.8146
155 4.804
155.5 4.7935
156 4.783
156.5 4.7726
157 4.7622
157.5 4.7519
158 4.7417
158.5 4.7316
159 4.7215
159.5 4.7114
160 4.7014
160.5 4.6915
161 4.6817
161.5 4.6719
162 4.6621
162.5 4.6524
163 4.6428
163.5 4.6332
164 4.6237
164.5 4.6142
165 4.6048
165.5 4.5955
166 4.5862
166.5 4.5769
167 4.5677
167.5 4.5586
168 4.5495
168.5 4.5405
169 4.5315
169.5 4.5225
170 4.5137
170.5 4.5048
171 4.496
171.5 4.4873
172 4.4786
172.5 4.47
173 4.4614
173.5 4.4528
174 4.4443
174.5 4.4359
175 4.4275
175.5 4.4191
176 4.4108
176.5 4.4026
177 4.3943
177.5 4.3862
178 4.378
178.5 4.3699
179 4.3619
179.5 4.3539
180 4.3459
180.5 4.338
181 4.3301
181.5 4.3223
182 4.3145
182.5 4.3067
183 4.299
183.5 4.2914
184 4.2837
184.5 4.2761
185 4.2686
185.5 4.2611
186 4.2536
186.5 4.2462
187 4.2388
187.5 4.2314
188 4.2241
188.5 4.2168
189 4.2096
189.5 4.2024
190 4.1952
190.5 4.1881
191 4.1809
191.5 4.1739
192 4.1668
192.5 4.1599
193 4.1529
193.5 4.146
194 4.1391
194.5 4.1322
195 4.1254
195.5 4.1186
196 4.1119
196.5 4.1051
197 4.0985
197.5 4.0918
198 4.0852
198.5 4.0786
199 4.072
199.5 4.0655
200 4.059
200.5 4.0525
201 4.0461
201.5 4.0397
202 4.0333
202.5 4.027
203 4.0207
203.5 4.0144
204 4.0081
204.5 4.0019
205 3.9957
205.5 3.9896
206 3.9834
206.5 3.9773
207 3.9713
207.5 3.9652
208 3.9592
208.5 3.9532
209 3.9472
209.5 3.9413
210 3.9354
210.5 3.9295
211 3.9236
211.5 3.9178
212 3.912
212.5 3.9062
213 3.9005
213.5 3.8948
214 3.8891
214.5 3.8834
215 3.8777
215.5 3.8721
216 3.8665
216.5 3.861
217 3.8554
217.5 3.8499
218 3.8444
218.5 3.8389
219 3.8335
219.5 3.8281
220 3.8227
220.5 3.8173
221 3.8119
221.5 3.8066
222 3.8013
222.5 3.796
223 3.7908
223.5 3.7855
224 3.7803
224.5 3.7751
225 3.77
225.5 3.7648
226 3.7597
226.5 3.7546
227 3.7495
227.5 3.7444
228 3.7394
228.5 3.7344
229 3.7294
229.5 3.7244
230 3.7195
230.5 3.7146
231 3.7096
231.5 3.7048
232 3.6999
232.5 3.695
233 3.6902
233.5 3.6854
234 3.6806
234.5 3.6759
235 3.6711
235.5 3.6664
236 3.6617
236.5 3.657
237 3.6523
237.5 3.6477
238 3.643
238.5 3.6384
239 3.6338
239.5 3.6293
240 3.6247
240.5 3.6202
241 3.6156
241.5 3.6111
242 3.6067
242.5 3.6022
243 3.5978
243.5 3.5933
244 3.5889
244.5 3.5845
245 3.5801
245.5 3.5758
246 3.5714
246.5 3.5671
247 3.5628
247.5 3.5585
248 3.5543
248.5 3.55
249 3.5458
249.5 3.5415
250 3.5373
250.5 3.5331
251 3.529
251.5 3.5248
252 3.5207
252.5 3.5165
253 3.5124
253.5 3.5084
254 3.5043
254.5 3.5002
255 3.4962
255.5 3.4921
256 3.4881
256.5 3.4841
257 3.4801
257.5 3.4762
258 3.4722
258.5 3.4683
259 3.4644
259.5 3.4605
260 3.4566
260.5 3.4527
261 3.4488
261.5 3.445
262 3.4411
262.5 3.4373
263 3.4335
263.5 3.4297
264 3.4259
264.5 3.4222
265 3.4184
265.5 3.4147
266 3.411
266.5 3.4073
267 3.4036
267.5 3.3999
268 3.3962
268.5 3.3926
269 3.3889
269.5 3.3853
270 3.3817
270.5 3.3781
271 3.3745
271.5 3.3709
272 3.3674
272.5 3.3638
273 3.3603
273.5 3.3568
274 3.3532
274.5 3.3497
275 3.3463
275.5 3.3428
276 3.3393
276.5 3.3359
277 3.3324
277.5 3.329
278 3.3256
278.5 3.3222
279 3.3188
279.5 3.3154
280 3.3121
280.5 3.3087
281 3.3054
281.5 3.3021
282 3.2987
282.5 3.2954
283 3.2922
283.5 3.2889
284 3.2856
284.5 3.2824
285 3.2791
285.5 3.2759
286 3.2726
286.5 3.2694
287 3.2662
287.5 3.263
288 3.2598
288.5 3.2567
289 3.2535
289.5 3.2504
290 3.2472
290.5 3.2441
291 3.241
291.5 3.2379
292 3.2348
292.5 3.2317
293 3.2286
293.5 3.2256
294 3.2225
294.5 3.2195
295 3.2165
295.5 3.2134
296 3.2104
296.5 3.2074
297 3.2044
297.5 3.2014
298 3.1985
298.5 3.1955
299 3.1926
299.5 3.1896
300 3.1867
300.5 3.1838
301 3.1809
301.5 3.1779
302 3.1751
302.5 3.1722
303 3.1693
303.5 3.1664
304 3.1636
304.5 3.1607
305 3.1579
305.5 3.1551
306 3.1522
306.5 3.1494
307 3.1466
307.5 3.1438
308 3.1411
308.5 3.1383
309 3.1355
309.5 3.1328
310 3.13
310.5 3.1273
311 3.1246
311.5 3.1218
312 3.1191
312.5 3.1164
313 3.1137
313.5 3.111
314 3.1084
314.5 3.1057
315 3.103
315.5 3.1004
316 3.0977
316.5 3.0951
317 3.0925
317.5 3.0899
318 3.0873
318.5 3.0847
319 3.0821
319.5 3.0795
320 3.0769
320.5 3.0743
321 3.0718
321.5 3.0692
322 3.0667
322.5 3.0641
323 3.0616
323.5 3.0591
324 3.0566
324.5 3.0541
325 3.0516
325.5 3.0491
326 3.0466
326.5 3.0441
327 3.0416
327.5 3.0392
328 3.0367
328.5 3.0343
329 3.0319
329.5 3.0294
330 3.027
330.5 3.0246
331 3.0222
331.5 3.0198
332 3.0174
332.5 3.015
333 3.0126
333.5 3.0102
334 3.0079
334.5 3.0055
335 3.0032
335.5 3.0008
336 2.9985
336.5 2.9962
337 2.9938
337.5 2.9915
338 2.9892
338.5 2.9869
339 2.9846
339.5 2.9823
340 2.9801
340.5 2.9778
341 2.9755
341.5 2.9733
342 2.971
342.5 2.9687
343 2.9665
343.5 2.9643
344 2.962
344.5 2.9598
345 2.9576
345.5 2.9554
346 2.9532
346.5 2.951
347 2.9488
347.5 2.9466
348 2.9445
348.5 2.9423
349 2.9401
349.5 2.938
350 2.9358
350.5 2.9337
351 2.9315
351.5 2.9294
352 2.9273
352.5 2.9251
353 2.923
353.5 2.9209
354 2.9188
354.5 2.9167
355 2.9146
355.5 2.9125
356 2.9105
356.5 2.9084
357 2.9063
357.5 2.9043
358 2.9022
358.5 2.9002
359 2.8981
359.5 2.8961
360 2.894
360.5 2.892
361 2.89
361.5 2.888
362 2.886
362.5 2.884
363 2.882
363.5 2.88
364 2.878
364.5 2.876
365 2.874
365.5 2.8721
366 2.8701
366.5 2.8682
367 2.8662
367.5 2.8642
368 2.8623
368.5 2.8604
369 2.8584
369.5 2.8565
370 2.8546
370.5 2.8527
371 2.8508
371.5 2.8489
372 2.847
372.5 2.8451
373 2.8432
373.5 2.8413
374 2.8394
374.5 2.8375
375 2.8357
375.5 2.8338
376 2.8319
376.5 2.8301
377 2.8282
377.5 2.8264
378 2.8245
378.5 2.8227
379 2.8209
379.5 2.8191
380 2.8172
380.5 2.8154
381 2.8136
381.5 2.8118
382 2.81
382.5 2.8082
383 2.8064
383.5 2.8046
384 2.8029
384.5 2.8011
385 2.7993
385.5 2.7975
386 2.7958
386.5 2.794
387 2.7923
387.5 2.7905
388 2.7888
388.5 2.787
389 2.7853
389.5 2.7836
390 2.7818
390.5 2.7801
391 2.7784
391.5 2.7767
392 2.775
392.5 2.7733
393 2.7716
393.5 2.7699
394 2.7682
394.5 2.7665
395 2.7648
395.5 2.7632
396 2.7615
396.5 2.7598
397 2.7582
397.5 2.7565
398 2.7548
398.5 2.7532
399 2.7515
399.5 2.7499
400 2.7483
