0 0
0.5 430.0613
1 271.9098
1.5 203.0508
2 164.1412
2.5 138.6852
3 120.1883
3.5 106.5021
4 96.1379
4.5 87.8428
5 80.8927
5.5 75.0451
6 70.0528
6.5 65.7373
7 61.9667
7.5 58.6703
8 55.7093
8.5 53.0584
9 50.6706
9.5 48.5073
10 46.5376
10.5 44.7362
11 43.0966
11.5 41.5695
12 40.157
12.5 38.8463
13 37.6267
13.5 36.4885
14 35.4238
14.5 34.4257
15 33.4877
15.5 32.6048
16 31.772
16.5 30.985
17 30.2399
17.5 29.5335
18 28.8627
18.5 28.2249
19 27.6175
19.5 27.0386
20 26.4859
20.5 25.9578
21 25.4526
21.5 24.9688
22 24.5051
22.5 24.0602
23 23.6329
23.5 23.2223
24 22.8272
24.5 22.447
25 22.0806
25.5 21.7273
26 21.3866
26.5 21.0575
27 20.7396
27.5 20.4323
28 20.1352
28.5 19.8475
29 19.569
29.5 19.299
30 19.0374
30.5 18.7837
31 18.5375
31.5 18.2984
32 18.0662
32.5 17.8406
33 17.6212
33.5 17.408
34 17.2004
34.5 16.9985
35 16.8018
35.5 16.6102
36 16.4235
36.5 16.2416
37 16.0641
37.5 15.8911
38 15.7223
38.5 15.5574
39 15.3966
39.5 15.2394
40 15.0858
40.5 14.9359
41 14.7892
41.5 14.6458
42 14.5056
42.5 14.3684
43 14.2342
43.5 14.1028
44 13.9742
44.5 13.8483
45 13.725
45.5 13.6042
46 13.4857
46.5 13.3697
47 13.256
47.5 13.1444
48 13.0351
48.5 12.9278
49 12.8224
49.5 12.7192
50 12.6178
50.5 12.5183
51 12.4206
51.5 12.3247
52 12.2305
52.5 12.1379
53 12.047
53.5 11.9576
54 11.8698
54.5 11.7835
55 11.6986
55.5 11.6152
56 11.5331
56.5 11.4524
57 11.3731
57.5 11.2949
58 11.218
58.5 11.1425
59 11.068
59.5 10.9947
60 10.9226
60.5 10.8517
61 10.7817
61.5 10.7128
62 10.645
62.5 10.5781
63 10.5123
63.5 10.4474
64 10.3834
64.5 10.3204
65 10.2584
65.5 10.1971
66 10.1368
66.5 10.0773
67 10.0186
67.5 9.9608
68 9.9037
68.5 9.8474
69 9.7919
69.5 9.7371
70 9.6831
70.5 9.6297
71 9.5771
71.5 9.5252
72 9.4739
72.5 9.4233
73 9.3733
73.5 9.324
74 9.2753
74.5 9.2272
75 9.1798
75.5 9.1329
76 9.0865
76.5 9.0408
77 8.9956
77.5 8.9509
78 8.9068
78.5 8.8632
79 8.8202
79.5 8.7776
80 8.7356
80.5 8.694
81 8.6529
81.5 8.6123
82 8.5721
82.5 8.5324
83 8.4932
83.5 8.4544
84 8.416
84.5 8.378
85 8.3405
85.5 8.3034
86 8.2667
86.5 8.2304
87 8.1945
87.5 8.1589
88 8.1238
88.5 8.089
89 8.0546
89.5 8.0205
90 7.9868
90.5 7.9535
91 7.9205
91.5 7.8878
92 7.8555
92.5 7.8235
93 7.7918
93.5 7.7605
94 7.7294
94.5 7.6987
95 7.6683
95.5 7.6381
96 7.6083
96.5 7.5788
97 7.5495
97.5 7.5205
98 7.4918
98.5 7.4634
99 7.4353
99.5 7.4074
100 7.3798
100.5 7.3524
101 7.3253
101.5 7.2985
102 7.2719
102.5 7.2455
103 7.2194
103.5 7.1935
104 7.1679
104.5 7.1424
105 7.1173
105.5 7.0923
106 7.0676
106.5 7.0431
107 7.0188
107.5 6.9947
108 6.9708
108.5 6.9471
109 6.9237
109.5 6.9004
110 6.8774
110.5 6.8545
111 6.8318
111.5 6.8094
112 6.7871
112.5 6.765
113 6.7431
113.5 6.7213
114 6.6998
114.5 6.6784
115 6.6572
115.5 6.6362
116 6.6154
116.5 6.5947
117 6.5742
117.5 6.5538
118 6.5336
118.5 6.5136
119 6.4937
119.5 6.474
120 6.4545
120.5 6.4351
121 6.4159
121.5 6.3968
122 6.3778
122.5 6.359
123 6.3404
123.5 6.3219
124 6.3035
124.5 6.2853
125 6.2672
125.5 6.2492
126 6.2314
126.5 6.2137
127 6.1962
127.5 6.1788
128 6.1615
128.5 6.1443
129 6.1273
129.5 6.1104
130 6.0936
130.5 6.0769
131 6.0604
131.5 6.0439
132 6.0276
132.5 6.0114
133 5.9954
133.5 5.9794
134 5.9636
134.5 5.9478
135 5.9322
135.5 5.9167
136 5.9013
136.5 5.886
137 5.8708
137.5 5.8557
138 5.8408
138.5 5.8259
139 5.8111
139.5 5.7964
140 5.7819
140.5 5.7674
141 5.753
141.5 5.7387
142 5.7245
142.5 5.7105
143 5.6965
143.5 5.6826
144 5.6687
144.5 5.655
145 5.6414
145.5 5.6279
146 5.6144
146.5 5.601
147 5.5878
147.5 5.5746
148 5.5615
148.5 5.5484
149 5.5355
149.5 5.5227
150 5.5099
150.5 5.4972
151 5.4846
151.5 5.4721
152 5.4596
152.5 5.4472
153 5.4349
153.5 5.4227
154 5.4106
154.5 5.3985
155 5.3865
155.5 5.3746
156 5.3627
156.5 5.351
157 5.3393
157.5 5.3276
158 5.3161
158.5 5.3046
159 5.2932
159.5 5.2818
160 5.2705
160.5 5.2593
161 5.2481
161.5 5.2371
162 5.226
162.5 5.2151
163 5.2042
163.5 5.1934
164 5.1826
164.5 5.1719
165 5.1613
165.5 5.1507
166 5.1402
166.5 5.1297
167 5.1193
167.5 5.109
168 5.0987
168.5 5.0885
169 5.0784
169.5 5.0683
170 5.0582
170.5 5.0482
171 5.0383
171.5 5.0284
172 5.0186
172.5 5.0088
173 4.9991
173.5 4.9895
174 4.9799
174.5 4.9703
175 4.9608
175.5 4.9514
176 4.942
176.5 4.9326
177 4.9233
177.5 4.9141
178 4.9049
178.5 4.8958
179 4.8867
179.5 4.8776
180 4.8686
180.5 4.8597
181 4.8508
181.5 4.8419
182 4.8331
182.5 4.8244
183 4.8156
183.5 4.807
184 4.7984
184.5 4.7898
185 4.7812
185.5 4.7728
186 4.7643
186.5 4.7559
187 4.7476
187.5 4.7392
188 4.731
188.5 4.7227
189 4.7146
189.5 4.7064
190 4.6983
190.5 4.6903
191 4.6822
191.5 4.6742
192 4.6663
192.5 4.6584
193 4.6505
193.5 4.6427
194 4.6349
194.5 4.6272
195 4.6195
195.5 4.6118
196 4.6042
196.5 4.5966
197 4.589
197.5 4.5815
198 4.574
198.5 4.5666
199 4.5592
199.5 4.5518
200 4.5445
200.5 4.5372
201 4.5299
201.5 4.5227
202 4.5155
202.5 4.5083
203 4.5012
203.5 4.4941
204 4.487
204.5 4.48
205 4.473
205.5 4.4661
206 4.4591
206.5 4.4522
207 4.4454
207.5 4.4385
208 4.4317
208.5 4.425
209 4.4182
209.5 4.4115
210 4.4049
210.5 4.3982
211 4.3916
211.5 4.385
212 4.3785
212.5 4.372
213 4.3655
213.5 4.359
214 4.3526
214.5 4.3462
215 4.3398
215.5 4.3335
216 4.3271
216.5 4.3208
217 4.3146
217.5 4.3084
218 4.3022
218.5 4.296
219 4.2898
219.5 4.2837
220 4.2776
220.5 4.2715
221 4.2655
221.5 4.2595
222 4.2535
222.5 4.2475
223 4.2416
223.5 4.2357
224 4.2298
224.5 4.2239
225 4.2181
225.5 4.2123
226 4.2065
226.5 4.2008
227 4.195
227.5 4.1893
228 4.1836
228.5 4.178
229 4.1723
229.5 4.1667
230 4.1611
230.5 4.1556
231 4.15
231.5 4.1445
232 4.139
232.5 4.1336
233 4.1281
233.5 4.1227
234 4.1173
234.5 4.1119
235 4.1065
235.5 4.1012
236 4.0959
236.5 4.0906
237 4.0853
237.5 4.0801
238 4.0749
238.5 4.0697
239 4.0645
239.5 4.0593
240 4.0542
240.5 4.0491
241 4.044
241.5 4.0389
242 4.0338
242.5 4.0288
243 4.0238
243.5 4.0188
244 4.0138
244.5 4.0088
245 4.0039
245.5 3.999
246 3.9941
246.5 3.9892
247 3.9843
247.5 3.9795
248 3.9747
248.5 3.9699
249 3.9651
249.5 3.9603
250 3.9556
250.5 3.9509
251 3.9462
251.5 3.9415
252 3.9368
252.5 3.9321
253 3.9275
253.5 3.9229
254 3.9183
254.5 3.9137
255 3.9092
255.5 3.9046
256 3.9001
256.5 3.8956
257 3.8911
257.5 3.8866
258 3.8821
258.5 3.8777
259 3.8733
259.5 3.8689
260 3.8645
260.5 3.8601
261 3.8557
261.5 3.8514
262 3.8471
262.5 3.8427
263 3.8385
263.5 3.8342
264 3.8299
264.5 3.8257
265 3.8214
265.5 3.8172
266 3.813
266.5 3.8089
267 3.8047
267.5 3.8005
268 3.7964
268.5 3.7923
269 3.7882
269.5 3.7841
270 3.78
270.5 3.7759
271 3.7719
271.5 3.7679
272 3.7638
272.5 3.7598
273 3.7558
273.5 3.7519
274 3.7479
274.5 3.744
275 3.74
275.5 3.7361
276 3.7322
276.5 3.7283
277 3.7245
277.5 3.7206
278 3.7167
278.5 3.7129
279 3.7091
279.5 3.7053
280 3.7015
280.5 3.6977
281 3.6939
281.5 3.6902
282 3.6865
282.5 3.6827
283 3.679
283.5 3.6753
284 3.6716
284.5 3.668
285 3.6643
285.5 3.6606
286 3.657
286.5 3.6534
287 3.6498
287.5 3.6462
288 3.6426
288.5 3.639
289 3.6354
289.5 3.6319
290 3.6284
290.5 3.6248
291 3.6213
291.5 3.6178
292 3.6143
292.5 3.6109
293 3.6074
293.5 3.6039
294 3.6005
294.5 3.5971
295 3.5936
295.5 3.5902
296 3.5868
296.5 3.5835
297 3.5801
297.5 3.5767
298 3.5734
298.5 3.57
299 3.5667
299.5 3.5634
300 3.5601
300.5 3.5568
301 3.5535
301.5 3.5502
302 3.547
302.5 3.5437
303 3.5405
303.5 3.5372
304 3.534
304.5 3.5308
305 3.5276
305.5 3.5244
306 3.5212
306.5 3.5181
307 3.5149
307.5 3.5118
308 3.5086
308.5 3.5055
309 3.5024
309.5 3.4993
310 3.4962
310.5 3.4931
311 3.49
311.5 3.4869
312 3.4839
312.5 3.4808
313 3.4778
313.5 3.4748
314 3.4718
314.5 3.4687
315 3.4658
315.5 3.4628
316 3.4598
316.5 3.4568
317 3.4538
317.5 3.4509
318 3.448
318.5 3.445
319 3.4421
319.5 3.4392
320 3.4363
320.5 3.4334
321 3.4305
321.5 3.4276
322 3.4247
322.5 3.4219
323 3.419
323.5 3.4162
324 3.4134
324.5 3.4105
325 3.4077
325.5 3.4049
326 3.4021
326.5 3.3993
327 3.3965
327.5 3.3938
328 3.391
328.5 3.3882
329 3.3855
329.5 3.3828
330 3.38
330.5 3.3773
331 3.3746
331.5 3.3719
332 3.3692
332.5 3.3665
333 3.3638
333.5 3.3611
334 3.3585
334.5 3.3558
335 3.3532
335.5 3.3505
336 3.3479
336.5 3.3453
337 3.3426
337.5 3.34
338 3.3374
338.5 3.3348
339 3.3322
339.5 3.3297
340 3.3271
340.5 3.3245
341 3.322
341.5 3.3194
342 3.3169
342.5 3.3143
343 3.3118
343.5 3.3093
344 3.3068
344.5 3.3043
345 3.3018
345.5 3.2993
346 3.2968
346.5 3.2943
347 3.2919
347.5 3.2894
348 3.287
348.5 3.2845
349 3.2821
349.5 3.2796
350 3.2772
350.5 3.2748
351 3.2724
351.5 3.27
352 3.2676
352.5 3.2652
353 3.2628
353.5 3.2604
354 3.2581
354.5 3.2557
355 3.2533
355.5 3.251
356 3.2486
356.5 3.2463
357 3.244
357.5 3.2417
358 3.2393
358.5 3.237
359 3.2347
359.5 3.2324
360 3.2301
360.5 3.2279
361 3.2256
361.5 3.2233
362 3.221
362.5 3.2188
363 3.2165
363.5 3.2143
364 3.212
364.5 3.2098
365 3.2076
365.5 3.2054
366 3.2032
366.5 3.2009
367 3.1987
367.5 3.1965
368 3.1943
368.5 3.1922
369 3.19
369.5 3.1878
370 3.1856
370.5 3.1835
371 3.1813
371.5 3.1792
372 3.177
372.5 3.1749
373 3.1728
373.5 3.1706
374 3.1685
374.5 3.1664
375 3.1643
375.5 3.1622
376 3.1601
376.5 3.158
377 3.1559
377.5 3.1539
378 3.1518
378.5 3.1497
379 3.1477
379.5 3.1456
380 3.1435
380.5 3.1415
381 3.1395
381.5 3.1374
382 3.1354
382.5 3.1334
383 3.1313
383.5 3.1293
384 3.1273
384.5 3.1253
385 3.1233
385.5 3.1213
386 3.1193
386.5 3.1174
387 3.1154
387.5 3.1134
388 3.1115
388.5 3.1095
389 3.1075
389.5 3.1056
390 3.1036
390.5 3.1017
391 3.0998
391.5 3.0978
392 3.0959
392.5 3.094
393 3.0921
393.5 3.0902
394 3.0883
394.5 3.0864
395 3.0845
395.5 3.0826
396 3.0807
396.5 3.0788
397 3.0769
397.5 3.0751
398 3.0732
398.5 3.0713
399 3.0695
399.5 3.0676
400 3.0658
