0 0
0.5 402.1677
1 256.923
1.5 192.6925
2 156.1669
2.5 132.1789
3 114.6992
3.5 101.742
4 91.9176
4.5 84.0451
5 77.4416
5.5 71.8807
6 67.1294
6.5 63.0196
7 59.4265
7.5 56.2839
8 53.4595
8.5 50.9297
9 48.6501
9.5 46.5841
10 44.7023
10.5 42.9808
11 41.4135
11.5 39.9533
12 38.6023
12.5 37.3485
13 36.1814
13.5 35.0921
14 34.0728
14.5 33.1171
15 32.2188
15.5 31.3732
16 30.5754
16.5 29.8213
17 29.1073
17.5 28.4303
18 27.7873
18.5 27.1758
19 26.5935
19.5 26.0382
20 25.5082
20.5 25.0017
21 24.5171
21.5 24.0529
22 23.6079
22.5 23.181
23 22.771
23.5 22.3768
24 21.9976
24.5 21.6326
25 21.2808
25.5 20.9417
26 20.6145
26.5 20.2985
27 19.9932
27.5 19.6981
28 19.4127
28.5 19.1363
29 18.8687
29.5 18.6094
30 18.3581
30.5 18.1143
31 17.8777
31.5 17.6479
32 17.4248
32.5 17.208
33 16.9971
33.5 16.7922
34 16.5926
34.5 16.3985
35 16.2094
35.5 16.0252
36 15.8457
36.5 15.6708
37 15.5001
37.5 15.3337
38 15.1714
38.5 15.0128
39 14.8581
39.5 14.707
40 14.5593
40.5 14.415
41 14.2739
41.5 14.136
42 14.0011
42.5 13.8691
43 13.74
43.5 13.6136
44 13.4899
44.5 13.3687
45 13.25
45.5 13.1338
46 13.0198
46.5 12.9081
47 12.7987
47.5 12.6913
48 12.5861
48.5 12.4828
49 12.3814
49.5 12.282
50 12.1844
50.5 12.0886
51 11.9946
51.5 11.9023
52 11.8116
52.5 11.7224
53 11.6349
53.5 11.5488
54 11.4643
54.5 11.3812
55 11.2995
55.5 11.2191
56 11.1401
56.5 11.0624
57 10.986
57.5 10.9107
58 10.8367
58.5 10.7639
59 10.6922
59.5 10.6216
60 10.5521
60.5 10.4838
61 10.4164
61.5 10.35
62 10.2847
62.5 10.2203
63 10.1569
63.5 10.0944
64 10.0328
64.5 9.9721
65 9.9123
65.5 9.8533
66 9.7952
66.5 9.7378
67 9.6813
67.5 9.6256
68 9.5706
68.5 9.5163
69 9.4628
69.5 9.4101
70 9.358
70.5 9.3066
71 9.2559
71.5 9.2058
72 9.1564
72.5 9.1076
73 9.0595
73.5 9.012
74 8.965
74.5 8.9187
75 8.8729
75.5 8.8277
76 8.7831
76.5 8.739
77 8.6954
77.5 8.6524
78 8.6099
78.5 8.5678
79 8.5263
79.5 8.4853
80 8.4448
80.5 8.4047
81 8.3651
81.5 8.3259
82 8.2872
82.5 8.2489
83 8.2111
83.5 8.1737
84 8.1367
84.5 8.1001
85 8.0639
85.5 8.0281
86 7.9927
86.5 7.9577
87 7.9231
87.5 7.8888
88 7.8549
88.5 7.8214
89 7.7882
89.5 7.7554
90 7.7229
90.5 7.6907
91 7.6589
91.5 7.6274
92 7.5962
92.5 7.5654
93 7.5348
93.5 7.5046
94 7.4747
94.5 7.445
95 7.4157
95.5 7.3866
96 7.3578
96.5 7.3294
97 7.3011
97.5 7.2732
98 7.2455
98.5 7.2181
99 7.191
99.5 7.1641
100 7.1374
100.5 7.111
101 7.0849
101.5 7.059
102 7.0333
102.5 7.0079
103 6.9827
103.5 6.9578
104 6.933
104.5 6.9085
105 6.8842
105.5 6.8602
106 6.8363
106.5 6.8126
107 6.7892
107.5 6.766
108 6.7429
108.5 6.7201
109 6.6975
109.5 6.675
110 6.6528
110.5 6.6307
111 6.6089
111.5 6.5872
112 6.5657
112.5 6.5444
113 6.5232
113.5 6.5023
114 6.4815
114.5 6.4608
115 6.4404
115.5 6.4201
116 6.4
116.5 6.38
117 6.3603
117.5 6.3406
118 6.3212
118.5 6.3018
119 6.2827
119.5 6.2637
120 6.2448
120.5 6.2261
121 6.2075
121.5 6.1891
122 6.1708
122.5 6.1527
123 6.1347
123.5 6.1168
124 6.0991
124.5 6.0815
125 6.064
125.5 6.0467
126 6.0295
126.5 6.0124
127 5.9955
127.5 5.9787
128 5.962
128.5 5.9454
129 5.929
129.5 5.9127
130 5.8965
130.5 5.8804
131 5.8644
131.5 5.8486
132 5.8328
132.5 5.8172
133 5.8017
133.5 5.7863
134 5.771
134.5 5.7558
135 5.7408
135.5 5.7258
136 5.7109
136.5 5.6962
137 5.6815
137.5 5.6669
138 5.6525
138.5 5.6381
139 5.6239
139.5 5.6097
140 5.5956
140.5 5.5817
141 5.5678
141.5 5.554
142 5.5403
142.5 5.5267
143 5.5132
143.5 5.4998
144 5.4864
144.5 5.4732
145 5.46
145.5 5.447
146 5.434
146.5 5.4211
147 5.4083
147.5 5.3955
148 5.3829
148.5 5.3703
149 5.3578
149.5 5.3454
150 5.3331
150.5 5.3208
151 5.3087
151.5 5.2966
152 5.2845
152.5 5.2726
153 5.2607
153.5 5.2489
154 5.2372
154.5 5.2256
155 5.214
155.5 5.2025
156 5.191
156.5 5.1797
157 5.1684
157.5 5.1571
158 5.146
158.5 5.1349
159 5.1238
159.5 5.1129
160 5.102
160.5 5.0912
161 5.0804
161.5 5.0697
162 5.059
162.5 5.0485
163 5.038
163.5 5.0275
164 5.0171
164.5 5.0068
165 4.9965
165.5 4.9863
166 4.9761
166.5 4.966
167 4.956
167.5 4.946
168 4.9361
168.5 4.9262
169 4.9164
169.5 4.9067
170 4.897
170.5 4.8873
171 4.8778
171.5 4.8682
172 4.8587
172.5 4.8493
173 4.8399
173.5 4.8306
174 4.8213
174.5 4.8121
175 4.8029
175.5 4.7938
176 4.7847
176.5 4.7757
177 4.7667
177.5 4.7578
178 4.7489
178.5 4.7401
179 4.7313
179.5 4.7226
180 4.7139
180.5 4.7053
181 4.6967
181.5 4.6881
182 4.6796
182.5 4.6712
183 4.6627
183.5 4.6544
184 4.6461
184.5 4.6378
185 4.6295
185.5 4.6213
186 4.6132
186.5 4.6051
187 4.597
187.5 4.589
188 4.581
188.5 4.573
189 4.5651
189.5 4.5573
190 4.5494
190.5 4.5416
191 4.5339
191.5 4.5262
192 4.5185
192.5 4.5109
193 4.5033
193.5 4.4957
194 4.4882
194.5 4.4807
195 4.4733
195.5 4.4659
196 4.4585
196.5 4.4512
197 4.4439
197.5 4.4366
198 4.4294
198.5 4.4222
199 4.4151
199.5 4.4079
200 4.4009
200.5 4.3938
201 4.3868
201.5 4.3798
202 4.3729
202.5 4.3659
203 4.359
203.5 4.3522
204 4.3454
204.5 4.3386
205 4.3318
205.5 4.3251
206 4.3184
206.5 4.3118
207 4.3051
207.5 4.2985
208 4.292
208.5 4.2854
209 4.2789
209.5 4.2725
210 4.266
210.5 4.2596
211 4.2532
211.5 4.2468
212 4.2405
212.5 4.2342
213 4.2279
213.5 4.2217
214 4.2155
214.5 4.2093
215 4.2031
215.5 4.197
216 4.1909
216.5 4.1848
217 4.1788
217.5 4.1728
218 4.1668
218.5 4.1608
219 4.1549
219.5 4.149
220 4.1431
220.5 4.1372
221 4.1314
221.5 4.1256
222 4.1198
222.5 4.114
223 4.1083
223.5 4.1026
224 4.0969
224.5 4.0912
225 4.0856
225.5 4.08
226 4.0744
226.5 4.0688
227 4.0633
227.5 4.0578
228 4.0523
228.5 4.0468
229 4.0414
229.5 4.036
230 4.0306
230.5 4.0252
231 4.0198
231.5 4.0145
232 4.0092
232.5 4.0039
233 3.9987
233.5 3.9934
234 3.9882
234.5 3.983
235 3.9778
235.5 3.9727
236 3.9675
236.5 3.9624
237 3.9573
237.5 3.9523
238 3.9472
238.5 3.9422
239 3.9372
239.5 3.9322
240 3.9272
240.5 3.9223
241 3.9173
241.5 3.9124
242 3.9076
242.5 3.9027
243 3.8978
243.5 3.893
244 3.8882
244.5 3.8834
245 3.8786
245.5 3.8739
246 3.8692
246.5 3.8645
247 3.8598
247.5 3.8551
248 3.8504
248.5 3.8458
249 3.8412
249.5 3.8366
250 3.832
250.5 3.8274
251 3.8229
251.5 3.8183
252 3.8138
252.5 3.8093
253 3.8048
253.5 3.8004
254 3.7959
254.5 3.7915
255 3.7871
255.5 3.7827
256 3.7783
256.5 3.774
257 3.7696
257.5 3.7653
258 3.761
258.5 3.7567
259 3.7524
259.5 3.7482
260 3.7439
260.5 3.7397
261 3.7355
261.5 3.7313
262 3.7271
262.5 3.723
263 3.7188
263.5 3.7147
264 3.7106
264.5 3.7065
265 3.7024
265.5 3.6983
266 3.6942
266.5 3.6902
267 3.6862
267.5 3.6822
268 3.6782
268.5 3.6742
269 3.6702
269.5 3.6663
270 3.6623
270.5 3.6584
271 3.6545
271.5 3.6506
272 3.6467
272.5 3.6428
273 3.639
273.5 3.6351
274 3.6313
274.5 3.6275
275 3.6237
275.5 3.6199
276 3.6162
276.5 3.6124
277 3.6087
277.5 3.6049
278 3.6012
278.5 3.5975
279 3.5938
279.5 3.5901
280 3.5865
280.5 3.5828
281 3.5792
281.5 3.5756
282 3.5719
282.5 3.5683
283 3.5647
283.5 3.5612
284 3.5576
284.5 3.5541
285 3.5505
285.5 3.547
286 3.5435
286.5 3.54
287 3.5365
287.5 3.533
288 3.5295
288.5 3.5261
289 3.5226
289.5 3.5192
290 3.5158
290.5 3.5124
291 3.509
291.5 3.5056
292 3.5022
292.5 3.4989
293 3.4955
293.5 3.4922
294 3.4889
294.5 3.4856
295 3.4822
295.5 3.479
296 3.4757
296.5 3.4724
297 3.4691
297.5 3.4659
298 3.4627
298.5 3.4594
299 3.4562
299.5 3.453
300 3.4498
300.5 3.4466
301 3.4435
301.5 3.4403
302 3.4371
302.5 3.434
303 3.4309
303.5 3.4277
304 3.4246
304.5 3.4215
305 3.4184
305.5 3.4154
306 3.4123
306.5 3.4092
307 3.4062
307.5 3.4031
308 3.4001
308.5 3.3971
309 3.3941
309.5 3.3911
310 3.3881
310.5 3.3851
311 3.3821
311.5 3.3791
312 3.3762
312.5 3.3732
313 3.3703
313.5 3.3674
314 3.3645
314.5 3.3616
315 3.3587
315.5 3.3558
316 3.3529
316.5 3.35
317 3.3472
317.5 3.3443
318 3.3415
318.5 3.3386
319 3.3358
319.5 3.333
320 3.3302
320.5 3.3274
321 3.3246
321.5 3.3218
322 3.319
322.5 3.3163
323 3.3135
323.5 3.3108
324 3.308
324.5 3.3053
325 3.3026
325.5 3.2999
326 3.2972
326.5 3.2945
327 3.2918
327.5 3.2891
328 3.2864
328.5 3.2838
329 3.2811
329.5 3.2785
330 3.2758
330.5 3.2732
331 3.2706
331.5 3.2679
332 3.2653
332.5 3.2627
333 3.2601
333.5 3.2576
334 3.255
334.5 3.2524
335 3.2499
335.5 3.2473
336 3.2448
336.5 3.2422
337 3.2397
337.5 3.2372
338 3.2346
338.5 3.2321
339 3.2296
339.5 3.2272
340 3.2247
340.5 3.2222
341 3.2197
341.5 3.2173
342 3.2148
342.5 3.2124
343 3.2099
343.5 3.2075
344 3.205
344.5 3.2026
345 3.2002
345.5 3.1978
346 3.1954
346.5 3.193
347 3.1906
347.5 3.1883
348 3.1859
348.5 3.1835
349 3.1812
349.5 3.1788
350 3.1765
350.5 3.1741
351 3.1718
351.5 3.1695
352 3.1672
352.5 3.1648
353 3.1625
353.5 3.1602
354 3.158
354.5 3.1557
355 3.1534
355.5 3.1511
356 3.1489
356.5 3.1466
357 3.1443
357.5 3.1421
358 3.1399
358.5 3.1376
359 3.1354
359.5 3.1332
360 3.131
360.5 3.1288
361 3.1266
361.5 3.1244
362 3.1222
362.5 3.12
363 3.1178
363.5 3.1157
364 3.1135
364.5 3.1113
365 3.1092
365.5 3.107
366 3.1049
366.5 3.1028
367 3.1006
367.5 3.0985
368 3.0964
368.5 3.0943
369 3.0922
369.5 3.0901
370 3.088
370.5 3.0859
371 3.0838
371.5 3.0817
372 3.0797
372.5 3.0776
373 3.0755
373.5 3.0735
374 3.0714
374.5 3.0694
375 3.0673
375.5 3.0653
376 3.0633
376.5 3.0613
377 3.0593
377.5 3.0572
378 3.0553
378.5 3.0532
379 3.0513
379.5 3.0493
380 3.0473
380.5 3.0453
381 3.0433
381.5 3.0414
382 3.0394
382.5 3.0374
383 3.0355
383.5 3.0336
384 3.0316
384.5 3.0297
385 3.0277
385.5 3.0258
386 3.0239
386.5 3.022
387 3.0201
387.5 3.0182
388 3.0163
388.5 3.0144
389 3.0125
389.5 3.0106
390 3.0087
390.5 3.0068
391 3.005
391.5 3.0031
392 3.0013
392.5 2.9994
393 2.9976
393.5 2.9957
394 2.9939
394.5 2.992
395 2.9902
395.5 2.9884
396 2.9865
396.5 2.9847
397 2.9829
397.5 2.9811
398 2.9793
398.5 2.9775
399 2.9757
399.5 2.9739
400 2.9721
