0 0
0.5 387.2276
1 248.8021
1.5 187.045
2 151.8012
2.5 128.606
3 111.6775
3.5 99.1165
4 89.5858
4.5 81.9438
5 75.5296
5.5 70.1255
6 65.5063
6.5 61.5092
7 58.0137
7.5 54.9555
8 52.2062
8.5 49.7431
9 47.5231
9.5 45.5107
10 43.6775
10.5 42.0001
11 40.4727
11.5 39.0495
12 37.7325
12.5 36.5101
13 35.3721
13.5 34.3098
14 33.3157
14.5 32.3836
15 31.5073
15.5 30.6823
16 29.9039
16.5 29.1681
17 28.4714
17.5 27.8106
18 27.1831
18.5 26.5863
19 26.0178
19.5 25.4758
20 24.9584
20.5 24.4638
21 23.9907
21.5 23.5374
22 23.1029
22.5 22.686
23 22.2856
23.5 21.9006
24 21.5303
24.5 21.1737
25 20.8301
25.5 20.4988
26 20.1792
26.5 19.8705
27 19.5722
27.5 19.2839
28 19.005
28.5 18.735
29 18.4736
29.5 18.2202
30 17.9745
30.5 17.7363
31 17.5051
31.5 17.2806
32 17.0625
32.5 16.8505
33 16.6445
33.5 16.4441
34 16.2491
34.5 16.0593
35 15.8745
35.5 15.6944
36 15.519
36.5 15.3479
37 15.1811
37.5 15.0184
38 14.8597
38.5 14.7047
39 14.5535
39.5 14.4057
40 14.2612
40.5 14.1202
41 13.9822
41.5 13.8474
42 13.7154
42.5 13.5863
43 13.4601
43.5 13.3365
44 13.2155
44.5 13.097
45 12.9809
45.5 12.8672
46 12.7557
46.5 12.6466
47 12.5395
47.5 12.4345
48 12.3315
48.5 12.2305
49 12.1314
49.5 12.0341
50 11.9387
50.5 11.845
51 11.753
51.5 11.6627
52 11.574
52.5 11.4867
53 11.4011
53.5 11.3169
54 11.2342
54.5 11.1529
55 11.073
55.5 10.9944
56 10.917
56.5 10.841
57 10.7662
57.5 10.6926
58 10.6201
58.5 10.5489
59 10.4788
59.5 10.4097
60 10.3418
60.5 10.2749
61 10.2089
61.5 10.144
62 10.0801
62.5 10.0171
63 9.955
63.5 9.8939
64 9.8335
64.5 9.7741
65 9.7156
65.5 9.6579
66 9.601
66.5 9.5449
67 9.4896
67.5 9.435
68 9.3812
68.5 9.3281
69 9.2758
69.5 9.2241
70 9.1731
70.5 9.1228
71 9.0732
71.5 9.0242
72 8.9758
72.5 8.9281
73 8.881
73.5 8.8345
74 8.7885
74.5 8.7431
75 8.6984
75.5 8.6541
76 8.6104
76.5 8.5672
77 8.5246
77.5 8.4825
78 8.4409
78.5 8.3997
79 8.3591
79.5 8.3189
80 8.2792
80.5 8.24
81 8.2012
81.5 8.1629
82 8.125
82.5 8.0875
83 8.0505
83.5 8.0139
84 7.9776
84.5 7.9418
85 7.9064
85.5 7.8714
86 7.8367
86.5 7.8024
87 7.7685
87.5 7.735
88 7.7018
88.5 7.669
89 7.6365
89.5 7.6043
90 7.5725
90.5 7.541
91 7.5099
91.5 7.479
92 7.4485
92.5 7.4183
93 7.3884
93.5 7.3588
94 7.3295
94.5 7.3005
95 7.2717
95.5 7.2433
96 7.2151
96.5 7.1872
97 7.1596
97.5 7.1322
98 7.1051
98.5 7.0783
99 7.0517
99.5 7.0254
100 6.9993
100.5 6.9734
101 6.9478
101.5 6.9225
102 6.8974
102.5 6.8725
103 6.8478
103.5 6.8233
104 6.7991
104.5 6.7751
105 6.7513
105.5 6.7278
106 6.7044
106.5 6.6812
107 6.6583
107.5 6.6355
108 6.613
108.5 6.5906
109 6.5684
109.5 6.5465
110 6.5247
110.5 6.5031
111 6.4817
111.5 6.4604
112 6.4394
112.5 6.4185
113 6.3978
113.5 6.3772
114 6.3569
114.5 6.3367
115 6.3167
115.5 6.2968
116 6.2771
116.5 6.2576
117 6.2382
117.5 6.2189
118 6.1999
118.5 6.1809
119 6.1622
119.5 6.1436
120 6.1251
120.5 6.1067
121 6.0886
121.5 6.0705
122 6.0526
122.5 6.0348
123 6.0172
123.5 5.9997
124 5.9824
124.5 5.9651
125 5.948
125.5 5.9311
126 5.9142
126.5 5.8975
127 5.8809
127.5 5.8644
128 5.8481
128.5 5.8319
129 5.8158
129.5 5.7998
130 5.7839
130.5 5.7682
131 5.7525
131.5 5.737
132 5.7216
132.5 5.7063
133 5.6911
133.5 5.676
134 5.661
134.5 5.6461
135 5.6314
135.5 5.6167
136 5.6021
136.5 5.5877
137 5.5733
137.5 5.5591
138 5.5449
138.5 5.5308
139 5.5169
139.5 5.503
140 5.4892
140.5 5.4755
141 5.4619
141.5 5.4484
142 5.435
142.5 5.4217
143 5.4084
143.5 5.3953
144 5.3822
144.5 5.3693
145 5.3564
145.5 5.3436
146 5.3309
146.5 5.3182
147 5.3057
147.5 5.2932
148 5.2808
148.5 5.2685
149 5.2562
149.5 5.2441
150 5.232
150.5 5.22
151 5.2081
151.5 5.1962
152 5.1844
152.5 5.1727
153 5.1611
153.5 5.1496
154 5.1381
154.5 5.1266
155 5.1153
155.5 5.104
156 5.0928
156.5 5.0817
157 5.0706
157.5 5.0596
158 5.0487
158.5 5.0378
159 5.027
159.5 5.0163
160 5.0056
160.5 4.995
161 4.9844
161.5 4.9739
162 4.9635
162.5 4.9532
163 4.9429
163.5 4.9326
164 4.9224
164.5 4.9123
165 4.9022
165.5 4.8922
166 4.8823
166.5 4.8724
167 4.8626
167.5 4.8528
168 4.8431
168.5 4.8334
169 4.8238
169.5 4.8142
170 4.8047
170.5 4.7953
171 4.7859
171.5 4.7765
172 4.7672
172.5 4.758
173 4.7488
173.5 4.7397
174 4.7306
174.5 4.7216
175 4.7126
175.5 4.7036
176 4.6947
176.5 4.6859
177 4.6771
177.5 4.6684
178 4.6597
178.5 4.651
179 4.6424
179.5 4.6339
180 4.6253
180.5 4.6169
181 4.6085
181.5 4.6001
182 4.5917
182.5 4.5835
183 4.5752
183.5 4.567
184 4.5589
184.5 4.5507
185 4.5427
185.5 4.5346
186 4.5266
186.5 4.5187
187 4.5108
187.5 4.5029
188 4.4951
188.5 4.4873
189 4.4796
189.5 4.4718
190 4.4642
190.5 4.4565
191 4.449
191.5 4.4414
192 4.4339
192.5 4.4264
193 4.419
193.5 4.4116
194 4.4042
194.5 4.3969
195 4.3896
195.5 4.3823
196 4.3751
196.5 4.3679
197 4.3608
197.5 4.3536
198 4.3466
198.5 4.3395
199 4.3325
199.5 4.3255
200 4.3186
200.5 4.3117
201 4.3048
201.5 4.2979
202 4.2911
202.5 4.2844
203 4.2776
203.5 4.2709
204 4.2642
204.5 4.2576
205 4.251
205.5 4.2444
206 4.2378
206.5 4.2313
207 4.2248
207.5 4.2183
208 4.2119
208.5 4.2055
209 4.1991
209.5 4.1928
210 4.1864
210.5 4.1801
211 4.1739
211.5 4.1677
212 4.1615
212.5 4.1553
213 4.1491
213.5 4.143
214 4.1369
214.5 4.1309
215 4.1248
215.5 4.1188
216 4.1129
216.5 4.1069
217 4.101
217.5 4.0951
218 4.0892
218.5 4.0833
219 4.0775
219.5 4.0717
220 4.066
220.5 4.0602
221 4.0545
221.5 4.0488
222 4.0431
222.5 4.0375
223 4.0319
223.5 4.0263
224 4.0207
224.5 4.0152
225 4.0096
225.5 4.0041
226 3.9987
226.5 3.9932
227 3.9878
227.5 3.9824
228 3.977
228.5 3.9716
229 3.9663
229.5 3.961
230 3.9557
230.5 3.9504
231 3.9452
231.5 3.94
232 3.9348
232.5 3.9296
233 3.9244
233.5 3.9193
234 3.9142
234.5 3.9091
235 3.904
235.5 3.899
236 3.8939
236.5 3.8889
237 3.8839
237.5 3.879
238 3.874
238.5 3.8691
239 3.8642
239.5 3.8593
240 3.8544
240.5 3.8496
241 3.8447
241.5 3.8399
242 3.8351
242.5 3.8304
243 3.8256
243.5 3.8209
244 3.8162
244.5 3.8115
245 3.8068
245.5 3.8021
246 3.7975
246.5 3.7929
247 3.7883
247.5 3.7837
248 3.7791
248.5 3.7746
249 3.7701
249.5 3.7656
250 3.7611
250.5 3.7566
251 3.7521
251.5 3.7477
252 3.7433
252.5 3.7389
253 3.7345
253.5 3.7301
254 3.7258
254.5 3.7214
255 3.7171
255.5 3.7128
256 3.7085
256.5 3.7042
257 3.7
257.5 3.6957
258 3.6915
258.5 3.6873
259 3.6831
259.5 3.6789
260 3.6748
260.5 3.6706
261 3.6665
261.5 3.6624
262 3.6583
262.5 3.6542
263 3.6502
263.5 3.6461
264 3.6421
264.5 3.638
265 3.634
265.5 3.63
266 3.6261
266.5 3.6221
267 3.6182
267.5 3.6142
268 3.6103
268.5 3.6064
269 3.6025
269.5 3.5986
270 3.5948
270.5 3.5909
271 3.5871
271.5 3.5833
272 3.5795
272.5 3.5757
273 3.5719
273.5 3.5681
274 3.5644
274.5 3.5607
275 3.5569
275.5 3.5532
276 3.5495
276.5 3.5458
277 3.5422
277.5 3.5385
278 3.5349
278.5 3.5313
279 3.5276
279.5 3.524
280 3.5204
280.5 3.5168
281 3.5133
281.5 3.5097
282 3.5062
282.5 3.5027
283 3.4991
283.5 3.4956
284 3.4921
284.5 3.4887
285 3.4852
285.5 3.4817
286 3.4783
286.5 3.4749
287 3.4714
287.5 3.468
288 3.4646
288.5 3.4613
289 3.4579
289.5 3.4545
290 3.4512
290.5 3.4478
291 3.4445
291.5 3.4412
292 3.4379
292.5 3.4346
293 3.4313
293.5 3.428
294 3.4248
294.5 3.4215
295 3.4183
295.5 3.4151
296 3.4118
296.5 3.4086
297 3.4054
297.5 3.4022
298 3.3991
298.5 3.3959
299 3.3928
299.5 3.3896
300 3.3865
300.5 3.3834
301 3.3803
301.5 3.3772
302 3.3741
302.5 3.371
303 3.3679
303.5 3.3648
304 3.3618
304.5 3.3588
305 3.3557
305.5 3.3527
306 3.3497
306.5 3.3467
307 3.3437
307.5 3.3407
308 3.3378
308.5 3.3348
309 3.3318
309.5 3.3289
310 3.326
310.5 3.323
311 3.3201
311.5 3.3172
312 3.3143
312.5 3.3114
313 3.3086
313.5 3.3057
314 3.3028
314.5 3.3
315 3.2971
315.5 3.2943
316 3.2915
316.5 3.2887
317 3.2859
317.5 3.2831
318 3.2803
318.5 3.2775
319 3.2747
319.5 3.272
320 3.2692
320.5 3.2665
321 3.2638
321.5 3.261
322 3.2583
322.5 3.2556
323 3.2529
323.5 3.2502
324 3.2475
324.5 3.2448
325 3.2422
325.5 3.2395
326 3.2369
326.5 3.2342
327 3.2316
327.5 3.229
328 3.2263
328.5 3.2237
329 3.2211
329.5 3.2185
330 3.2159
330.5 3.2134
331 3.2108
331.5 3.2082
332 3.2057
332.5 3.2031
333 3.2006
333.5 3.198
334 3.1955
334.5 3.193
335 3.1905
335.5 3.188
336 3.1855
336.5 3.183
337 3.1805
337.5 3.178
338 3.1756
338.5 3.1731
339 3.1707
339.5 3.1682
340 3.1658
340.5 3.1634
341 3.1609
341.5 3.1585
342 3.1561
342.5 3.1537
343 3.1513
343.5 3.1489
344 3.1466
344.5 3.1442
345 3.1418
345.5 3.1395
346 3.1371
346.5 3.1348
347 3.1324
347.5 3.1301
348 3.1278
348.5 3.1255
349 3.1232
349.5 3.1208
350 3.1186
350.5 3.1163
351 3.114
351.5 3.1117
352 3.1094
352.5 3.1072
353 3.1049
353.5 3.1027
354 3.1004
354.5 3.0982
355 3.0959
355.5 3.0937
356 3.0915
356.5 3.0893
357 3.0871
357.5 3.0849
358 3.0827
358.5 3.0805
359 3.0783
359.5 3.0761
360 3.0739
360.5 3.0718
361 3.0696
361.5 3.0675
362 3.0653
362.5 3.0632
363 3.0611
363.5 3.0589
364 3.0568
364.5 3.0547
365 3.0526
365.5 3.0505
366 3.0484
366.5 3.0463
367 3.0442
367.5 3.0421
368 3.04
368.5 3.038
369 3.0359
369.5 3.0339
370 3.0318
370.5 3.0298
371 3.0277
371.5 3.0257
372 3.0237
372.5 3.0216
373 3.0196
373.5 3.0176
374 3.0156
374.5 3.0136
375 3.0116
375.5 3.0096
376 3.0076
376.5 3.0056
377 3.0037
377.5 3.0017
378 2.9997
378.5 2.9978
379 2.9958
379.5 2.9939
380 2.9919
380.5 2.99
381 2.9881
381.5 2.9861
382 2.9842
382.5 2.9823
383 2.9804
383.5 2.9785
384 2.9766
384.5 2.9747
385 2.9728
385.5 2.9709
386 2.969
386.5 2.9671
387 2.9652
387.5 2.9634
388 2.9615
388.5 2.9597
389 2.9578
389.5 2.956
390 2.9541
390.5 2.9523
391 2.9504
391.5 2.9486
392 2.9468
392.5 2.945
393 2.9432
393.5 2.9414
394 2.9396
394.5 2.9378
395 2.936
395.5 2.9342
396 2.9324
396.5 2.9306
397 2.9288
397.5 2.927
398 2.9253
398.5 2.9235
399 2.9218
399.5 2.92
400 2.9183
