0 0
0.5 259.6805
1 178.7488
1.5 138.0625
2 113.8005
2.5 97.4234
3 85.2509
3.5 76.1147
4 69.1282
4.5 63.4854
5 58.7158
5.5 54.6758
6 51.2067
6.5 48.1927
7 45.5476
7.5 43.2269
8 41.134
8.5 39.2541
9 37.5558
9.5 36.0131
10 34.6049
10.5 33.314
11 32.137
11.5 31.0381
12 30.0197
12.5 29.0732
13 28.1909
13.5 27.3662
14 26.5936
14.5 25.8683
15 25.1858
15.5 24.5425
16 23.9351
16.5 23.3604
17 22.8156
17.5 22.2986
18 21.8072
18.5 21.3395
19 20.8936
19.5 20.4683
20 20.0619
20.5 19.6732
21 19.3011
21.5 18.9445
22 18.6023
22.5 18.2739
23 17.9582
23.5 17.6546
24 17.3624
24.5 17.0809
25 16.8095
25.5 16.5476
26 16.2949
26.5 16.0507
27 15.8147
27.5 15.5864
28 15.3655
28.5 15.1516
29 14.9443
29.5 14.7434
30 14.5485
30.5 14.3594
31 14.1759
31.5 13.9976
32 13.8243
32.5 13.6559
33 13.4921
33.5 13.3328
34 13.1776
34.5 13.0266
35 12.8794
35.5 12.7361
36 12.5963
36.5 12.4601
37 12.3271
37.5 12.1975
38 12.0709
38.5 11.9473
39 11.8266
39.5 11.7087
40 11.5934
40.5 11.4808
41 11.3706
41.5 11.2629
42 11.1575
42.5 11.0543
43 10.9534
43.5 10.8546
44 10.7578
44.5 10.663
45 10.5702
45.5 10.4792
46 10.39
46.5 10.3026
47 10.2169
47.5 10.1327
48 10.0503
48.5 9.9694
49 9.8899
49.5 9.812
50 9.7355
50.5 9.6603
51 9.5866
51.5 9.5141
52 9.443
52.5 9.373
53 9.3043
53.5 9.2367
54 9.1703
54.5 9.1051
55 9.0409
55.5 8.9777
56 8.9156
56.5 8.8545
57 8.7945
57.5 8.7353
58 8.6771
58.5 8.6198
59 8.5634
59.5 8.5079
60 8.4532
60.5 8.3995
61 8.3464
61.5 8.2942
62 8.2428
62.5 8.192
63 8.1421
63.5 8.0929
64 8.0443
64.5 7.9965
65 7.9494
65.5 7.9029
66 7.8571
66.5 7.8119
67 7.7673
67.5 7.7233
68 7.68
68.5 7.6372
69 7.595
69.5 7.5533
70 7.5122
70.5 7.4717
71 7.4317
71.5 7.3922
72 7.3532
72.5 7.3147
73 7.2766
73.5 7.2391
74 7.202
74.5 7.1654
75 7.1293
75.5 7.0936
76 7.0583
76.5 7.0234
77 6.989
77.5 6.955
78 6.9214
78.5 6.8882
79 6.8554
79.5 6.8229
80 6.7908
80.5 6.7592
81 6.7278
81.5 6.6968
82 6.6662
82.5 6.6359
83 6.606
83.5 6.5764
84 6.5471
84.5 6.5182
85 6.4895
85.5 6.4612
86 6.4332
86.5 6.4054
87 6.378
87.5 6.3509
88 6.324
88.5 6.2975
89 6.2712
89.5 6.2452
90 6.2194
90.5 6.194
91 6.1687
91.5 6.1438
92 6.1191
92.5 6.0946
93 6.0704
93.5 6.0464
94 6.0227
94.5 5.9992
95 5.9759
95.5 5.9529
96 5.9301
96.5 5.9075
97 5.8851
97.5 5.8629
98 5.841
98.5 5.8192
99 5.7977
99.5 5.7764
100 5.7552
100.5 5.7343
101 5.7135
101.5 5.693
102 5.6726
102.5 5.6524
103 5.6324
103.5 5.6126
104 5.593
104.5 5.5735
105 5.5542
105.5 5.5351
106 5.5161
106.5 5.4974
107 5.4787
107.5 5.4603
108 5.442
108.5 5.4239
109 5.4059
109.5 5.388
110 5.3704
110.5 5.3528
111 5.3355
111.5 5.3182
112 5.3011
112.5 5.2842
113 5.2674
113.5 5.2507
114 5.2342
114.5 5.2178
115 5.2015
115.5 5.1854
116 5.1694
116.5 5.1536
117 5.1378
117.5 5.1222
118 5.1067
118.5 5.0913
119 5.0761
119.5 5.061
120 5.046
120.5 5.0311
121 5.0163
121.5 5.0016
122 4.9871
122.5 4.9727
123 4.9583
123.5 4.9441
124 4.93
124.5 4.916
125 4.9021
125.5 4.8883
126 4.8746
126.5 4.8611
127 4.8476
127.5 4.8342
128 4.8209
128.5 4.8077
129 4.7946
129.5 4.7816
130 4.7687
130.5 4.7559
131 4.7432
131.5 4.7306
132 4.718
132.5 4.7056
133 4.6932
133.5 4.681
134 4.6688
134.5 4.6567
135 4.6447
135.5 4.6327
136 4.6209
136.5 4.6091
137 4.5975
137.5 4.5859
138 4.5743
138.5 4.5629
139 4.5515
139.5 4.5402
140 4.529
140.5 4.5179
141 4.5068
141.5 4.4958
142 4.4849
142.5 4.4741
143 4.4633
143.5 4.4526
144 4.442
144.5 4.4314
145 4.4209
145.5 4.4105
146 4.4001
146.5 4.3899
147 4.3796
147.5 4.3695
148 4.3594
148.5 4.3494
149 4.3394
149.5 4.3295
150 4.3197
150.5 4.3099
151 4.3002
151.5 4.2905
152 4.2809
152.5 4.2714
153 4.2619
153.5 4.2525
154 4.2432
154.5 4.2339
155 4.2246
155.5 4.2154
156 4.2063
156.5 4.1972
157 4.1882
157.5 4.1793
158 4.1703
158.5 4.1615
159 4.1527
159.5 4.1439
160 4.1352
160.5 4.1266
161 4.118
161.5 4.1095
162 4.101
162.5 4.0925
163 4.0841
163.5 4.0758
164 4.0675
164.5 4.0592
165 4.051
165.5 4.0429
166 4.0348
166.5 4.0267
167 4.0187
167.5 4.0107
168 4.0028
168.5 3.9949
169 3.9871
169.5 3.9793
170 3.9715
170.5 3.9638
171 3.9562
171.5 3.9486
172 3.941
172.5 3.9334
173 3.9259
173.5 3.9185
174 3.9111
174.5 3.9037
175 3.8964
175.5 3.8891
176 3.8818
176.5 3.8746
177 3.8675
177.5 3.8603
178 3.8532
178.5 3.8462
179 3.8392
179.5 3.8322
180 3.8252
180.5 3.8183
181 3.8115
181.5 3.8046
182 3.7978
182.5 3.7911
183 3.7843
183.5 3.7777
184 3.771
184.5 3.7644
185 3.7578
185.5 3.7512
186 3.7447
186.5 3.7382
187 3.7318
187.5 3.7254
188 3.719
188.5 3.7126
189 3.7063
189.5 3.7
190 3.6937
190.5 3.6875
191 3.6813
191.5 3.6752
192 3.669
192.5 3.6629
193 3.6568
193.5 3.6508
194 3.6448
194.5 3.6388
195 3.6329
195.5 3.6269
196 3.621
196.5 3.6152
197 3.6093
197.5 3.6035
198 3.5977
198.5 3.592
199 3.5863
199.5 3.5806
200 3.5749
200.5 3.5693
201 3.5636
201.5 3.558
202 3.5525
202.5 3.547
203 3.5414
203.5 3.536
204 3.5305
204.5 3.5251
205 3.5197
205.5 3.5143
206 3.5089
206.5 3.5036
207 3.4983
207.5 3.493
208 3.4878
208.5 3.4825
209 3.4773
209.5 3.4721
210 3.467
210.5 3.4618
211 3.4567
211.5 3.4516
212 3.4466
212.5 3.4415
213 3.4365
213.5 3.4315
214 3.4265
214.5 3.4216
215 3.4167
215.5 3.4118
216 3.4069
216.5 3.402
217 3.3972
217.5 3.3923
218 3.3876
218.5 3.3828
219 3.378
219.5 3.3733
220 3.3686
220.5 3.3639
221 3.3592
221.5 3.3545
222 3.3499
222.5 3.3453
223 3.3407
223.5 3.3361
224 3.3316
224.5 3.3271
225 3.3225
225.5 3.3181
226 3.3136
226.5 3.3091
227 3.3047
227.5 3.3003
228 3.2959
228.5 3.2915
229 3.2871
229.5 3.2828
230 3.2785
230.5 3.2742
231 3.2699
231.5 3.2656
232 3.2613
232.5 3.2571
233 3.2529
233.5 3.2487
234 3.2445
234.5 3.2404
235 3.2362
235.5 3.2321
236 3.228
236.5 3.2239
237 3.2198
237.5 3.2157
238 3.2117
238.5 3.2077
239 3.2036
239.5 3.1997
240 3.1957
240.5 3.1917
241 3.1878
241.5 3.1838
242 3.1799
242.5 3.176
243 3.1721
243.5 3.1683
244 3.1644
244.5 3.1606
245 3.1567
245.5 3.1529
246 3.1491
246.5 3.1454
247 3.1416
247.5 3.1379
248 3.1341
248.5 3.1304
249 3.1267
249.5 3.123
250 3.1193
250.5 3.1157
251 3.112
251.5 3.1084
252 3.1048
252.5 3.1012
253 3.0976
253.5 3.094
254 3.0905
254.5 3.0869
255 3.0834
255.5 3.0799
256 3.0764
256.5 3.0729
257 3.0694
257.5 3.0659
258 3.0625
258.5 3.059
259 3.0556
259.5 3.0522
260 3.0488
260.5 3.0454
261 3.042
261.5 3.0386
262 3.0353
262.5 3.032
263 3.0286
263.5 3.0253
264 3.022
264.5 3.0187
265 3.0154
265.5 3.0122
266 3.0089
266.5 3.0057
267 3.0025
267.5 2.9992
268 2.996
268.5 2.9928
269 2.9897
269.5 2.9865
270 2.9833
270.5 2.9802
271 2.9771
271.5 2.9739
272 2.9708
272.5 2.9677
273 2.9646
273.5 2.9615
274 2.9585
274.5 2.9554
275 2.9524
275.5 2.9493
276 2.9463
276.5 2.9433
277 2.9403
277.5 2.9373
278 2.9343
278.5 2.9314
279 2.9284
279.5 2.9254
280 2.9225
280.5 2.9196
281 2.9167
281.5 2.9138
282 2.9109
282.5 2.908
283 2.9051
283.5 2.9022
284 2.8994
284.5 2.8965
285 2.8937
285.5 2.8908
286 2.888
286.5 2.8852
287 2.8824
287.5 2.8796
288 2.8768
288.5 2.8741
289 2.8713
289.5 2.8686
290 2.8658
290.5 2.8631
291 2.8604
291.5 2.8577
292 2.855
292.5 2.8523
293 2.8496
293.5 2.8469
294 2.8442
294.5 2.8416
295 2.8389
295.5 2.8363
296 2.8336
296.5 2.831
297 2.8284
297.5 2.8258
298 2.8232
298.5 2.8206
299 2.818
299.5 2.8155
300 2.8129
300.5 2.8103
301 2.8078
301.5 2.8053
302 2.8027
302.5 2.8002
303 2.7977
303.5 2.7952
304 2.7927
304.5 2.7902
305 2.7877
305.5 2.7852
306 2.7828
306.5 2.7803
307 2.7779
307.5 2.7754
308 2.773
308.5 2.7706
309 2.7682
309.5 2.7658
310 2.7634
310.5 2.761
311 2.7586
311.5 2.7562
312 2.7538
312.5 2.7515
313 2.7491
313.5 2.7468
314 2.7444
314.5 2.7421
315 2.7398
315.5 2.7374
316 2.7351
316.5 2.7328
317 2.7305
317.5 2.7282
318 2.726
318.5 2.7237
319 2.7214
319.5 2.7192
320 2.7169
320.5 2.7147
321 2.7124
321.5 2.7102
322 2.708
322.5 2.7057
323 2.7035
323.5 2.7013
324 2.6991
324.5 2.6969
325 2.6947
325.5 2.6926
326 2.6904
326.5 2.6882
327 2.6861
327.5 2.6839
328 2.6818
328.5 2.6796
329 2.6775
329.5 2.6754
330 2.6733
330.5 2.6712
331 2.6691
331.5 2.667
332 2.6649
332.5 2.6628
333 2.6607
333.5 2.6586
334 2.6566
334.5 2.6545
335 2.6524
335.5 2.6504
336 2.6484
336.5 2.6463
337 2.6443
337.5 2.6423
338 2.6402
338.5 2.6382
339 2.6362
339.5 2.6342
340 2.6322
340.5 2.6302
341 2.6283
341.5 2.6263
342 2.6243
342.5 2.6223
343 2.6204
343.5 2.6184
344 2.6165
344.5 2.6145
345 2.6126
345.5 2.6107
346 2.6087
346.5 2.6068
347 2.6049
347.5 2.603
348 2.6011
348.5 2.5992
349 2.5973
349.5 2.5954
350 2.5935
350.5 2.5917
351 2.5898
351.5 2.5879
352 2.5861
352.5 2.5842
353 2.5824
353.5 2.5805
354 2.5787
354.5 2.5768
355 2.575
355.5 2.5732
356 2.5714
356.5 2.5696
357 2.5678
357.5 2.566
358 2.5642
358.5 2.5624
359 2.5606
359.5 2.5588
360 2.557
360.5 2.5552
361 2.5535
361.5 2.5517
362 2.55
362.5 2.5482
363 2.5465
363.5 2.5447
364 2.543
364.5 2.5412
365 2.5395
365.5 2.5378
366 2.5361
366.5 2.5344
367 2.5327
367.5 2.531
368 2.5293
368.5 2.5276
369 2.5259
369.5 2.5242
370 2.5225
370.5 2.5208
371 2.5192
371.5 2.5175
372 2.5158
372.5 2.5142
373 2.5125
373.5 2.5109
374 2.5092
374.5 2.5076
375 2.5059
375.5 2.5043
376 2.5027
376.5 2.5011
377 2.4995
377.5 2.4978
378 2.4962
378.5 2.4946
379 2.493
379.5 2.4914
380 2.4898
380.5 2.4883
381 2.4867
381.5 2.4851
382 2.4835
382.5 2.4819
383 2.4804
383.5 2.4788
384 2.4773
384.5 2.4757
385 2.4742
385.5 2.4726
386 2.4711
386.5 2.4695
387 2.468
387.5 2.4665
388 2.4649
388.5 2.4634
389 2.4619
389.5 2.4604
390 2.4589
390.5 2.4574
391 2.4559
391.5 2.4544
392 2.4529
392.5 2.4514
393 2.4499
393.5 2.4484
394 2.447
394.5 2.4455
395 2.444
395.5 2.4425
396 2.4411
396.5 2.4396
397 2.4382
397.5 2.4367
398 2.4353
398.5 2.4338
399 2.4324
399.5 2.431
400 2.4295
