0 0
0.5 250.5109
1 173.689
1.5 134.5161
2 111.0447
2.5 95.1595
3 83.3305
3.5 74.4419
4 67.6395
4.5 62.1414
5 57.4911
5.5 53.5499
6 50.1642
6.5 47.2216
7 44.6382
7.5 42.3711
8 40.3258
8.5 38.4884
9 36.828
9.5 35.3194
10 33.9421
10.5 32.6794
11 31.5278
11.5 30.4525
12 29.4559
12.5 28.5294
13 27.6657
13.5 26.8584
14 26.1019
14.5 25.3917
15 24.7233
15.5 24.0933
16 23.4983
16.5 22.9353
17 22.4017
17.5 21.8951
18 21.4136
18.5 20.9553
19 20.5184
19.5 20.1015
20 19.7032
20.5 19.3223
21 18.9576
21.5 18.608
22 18.2726
22.5 17.9506
23 17.6411
23.5 17.3435
24 17.0569
24.5 16.7809
25 16.5148
25.5 16.258
26 16.0102
26.5 15.7707
27 15.5392
27.5 15.3153
28 15.0987
28.5 14.8888
29 14.6855
29.5 14.4884
30 14.2973
30.5 14.1118
31 13.9317
31.5 13.7568
32 13.5868
32.5 13.4215
33 13.2608
33.5 13.1045
34 12.9523
34.5 12.8041
35 12.6597
35.5 12.519
36 12.3819
36.5 12.2482
37 12.1177
37.5 11.9904
38 11.8662
38.5 11.7449
39 11.6265
39.5 11.5107
40 11.3976
40.5 11.287
41 11.1789
41.5 11.0732
42 10.9697
42.5 10.8684
43 10.7694
43.5 10.6724
44 10.5774
44.5 10.4843
45 10.3932
45.5 10.3039
46 10.2163
46.5 10.1305
47 10.0463
47.5 9.9637
48 9.8828
48.5 9.8033
49 9.7253
49.5 9.6487
50 9.5736
50.5 9.4999
51 9.4275
51.5 9.3563
52 9.2864
52.5 9.2177
53 9.1502
53.5 9.0839
54 9.0187
54.5 8.9546
55 8.8916
55.5 8.8296
56 8.7686
56.5 8.7086
57 8.6496
57.5 8.5915
58 8.5343
58.5 8.4781
59 8.4227
59.5 8.3681
60 8.3145
60.5 8.2616
61 8.2096
61.5 8.1582
62 8.1077
62.5 8.0579
63 8.0088
63.5 7.9605
64 7.9128
64.5 7.8658
65 7.8195
65.5 7.7739
66 7.7289
66.5 7.6845
67 7.6407
67.5 7.5975
68 7.5549
68.5 7.5129
69 7.4714
69.5 7.4305
70 7.3901
70.5 7.3503
71 7.311
71.5 7.2722
72 7.2339
72.5 7.196
73 7.1587
73.5 7.1218
74 7.0854
74.5 7.0494
75 7.0139
75.5 6.9788
76 6.9442
76.5 6.9099
77 6.8761
77.5 6.8427
78 6.8097
78.5 6.777
79 6.7448
79.5 6.7129
80 6.6814
80.5 6.6502
81 6.6195
81.5 6.589
82 6.5589
82.5 6.5292
83 6.4998
83.5 6.4707
84 6.4419
84.5 6.4134
85 6.3853
85.5 6.3575
86 6.3299
86.5 6.3027
87 6.2757
87.5 6.2491
88 6.2227
88.5 6.1966
89 6.1708
89.5 6.1452
90 6.1199
90.5 6.0949
91 6.0701
91.5 6.0456
92 6.0213
92.5 5.9972
93 5.9734
93.5 5.9499
94 5.9266
94.5 5.9035
95 5.8806
95.5 5.858
96 5.8355
96.5 5.8133
97 5.7913
97.5 5.7695
98 5.748
98.5 5.7266
99 5.7054
99.5 5.6845
100 5.6637
100.5 5.6431
101 5.6227
101.5 5.6025
102 5.5825
102.5 5.5626
103 5.543
103.5 5.5235
104 5.5042
104.5 5.4851
105 5.4661
105.5 5.4473
106 5.4287
106.5 5.4102
107 5.3919
107.5 5.3738
108 5.3558
108.5 5.338
109 5.3203
109.5 5.3028
110 5.2854
110.5 5.2682
111 5.2511
111.5 5.2342
112 5.2174
112.5 5.2007
113 5.1842
113.5 5.1678
114 5.1516
114.5 5.1354
115 5.1195
115.5 5.1036
116 5.0879
116.5 5.0723
117 5.0568
117.5 5.0415
118 5.0262
118.5 5.0111
119 4.9961
119.5 4.9813
120 4.9665
120.5 4.9519
121 4.9374
121.5 4.923
122 4.9087
122.5 4.8945
123 4.8804
123.5 4.8664
124 4.8525
124.5 4.8388
125 4.8251
125.5 4.8116
126 4.7981
126.5 4.7848
127 4.7715
127.5 4.7583
128 4.7453
128.5 4.7323
129 4.7194
129.5 4.7067
130 4.694
130.5 4.6814
131 4.6689
131.5 4.6565
132 4.6442
132.5 4.6319
133 4.6198
133.5 4.6077
134 4.5957
134.5 4.5838
135 4.572
135.5 4.5603
136 4.5486
136.5 4.5371
137 4.5256
137.5 4.5142
138 4.5029
138.5 4.4916
139 4.4804
139.5 4.4693
140 4.4583
140.5 4.4474
141 4.4365
141.5 4.4257
142 4.4149
142.5 4.4043
143 4.3937
143.5 4.3832
144 4.3727
144.5 4.3623
145 4.352
145.5 4.3418
146 4.3316
146.5 4.3215
147 4.3114
147.5 4.3015
148 4.2915
148.5 4.2817
149 4.2719
149.5 4.2621
150 4.2525
150.5 4.2429
151 4.2333
151.5 4.2238
152 4.2144
152.5 4.205
153 4.1957
153.5 4.1864
154 4.1773
154.5 4.1681
155 4.159
155.5 4.15
156 4.141
156.5 4.1321
157 4.1232
157.5 4.1144
158 4.1056
158.5 4.0969
159 4.0883
159.5 4.0797
160 4.0711
160.5 4.0626
161 4.0542
161.5 4.0458
162 4.0374
162.5 4.0291
163 4.0209
163.5 4.0126
164 4.0045
164.5 3.9964
165 3.9883
165.5 3.9803
166 3.9723
166.5 3.9644
167 3.9565
167.5 3.9487
168 3.9409
168.5 3.9331
169 3.9254
169.5 3.9178
170 3.9101
170.5 3.9026
171 3.895
171.5 3.8876
172 3.8801
172.5 3.8727
173 3.8653
173.5 3.858
174 3.8507
174.5 3.8435
175 3.8363
175.5 3.8291
176 3.822
176.5 3.8149
177 3.8078
177.5 3.8008
178 3.7938
178.5 3.7869
179 3.78
179.5 3.7731
180 3.7663
180.5 3.7595
181 3.7527
181.5 3.746
182 3.7393
182.5 3.7327
183 3.7261
183.5 3.7195
184 3.7129
184.5 3.7064
185 3.7
185.5 3.6935
186 3.6871
186.5 3.6807
187 3.6744
187.5 3.6681
188 3.6618
188.5 3.6555
189 3.6493
189.5 3.6431
190 3.637
190.5 3.6308
191 3.6247
191.5 3.6187
192 3.6126
192.5 3.6067
193 3.6007
193.5 3.5947
194 3.5888
194.5 3.5829
195 3.5771
195.5 3.5713
196 3.5655
196.5 3.5597
197 3.554
197.5 3.5482
198 3.5426
198.5 3.5369
199 3.5313
199.5 3.5257
200 3.5201
200.5 3.5145
201 3.509
201.5 3.5035
202 3.4981
202.5 3.4926
203 3.4872
203.5 3.4818
204 3.4764
204.5 3.4711
205 3.4658
205.5 3.4605
206 3.4552
206.5 3.45
207 3.4448
207.5 3.4396
208 3.4344
208.5 3.4292
209 3.4241
209.5 3.419
210 3.414
210.5 3.4089
211 3.4039
211.5 3.3989
212 3.3939
212.5 3.3889
213 3.384
213.5 3.3791
214 3.3742
214.5 3.3693
215 3.3645
215.5 3.3596
216 3.3548
216.5 3.3501
217 3.3453
217.5 3.3405
218 3.3358
218.5 3.3311
219 3.3265
219.5 3.3218
220 3.3172
220.5 3.3125
221 3.3079
221.5 3.3034
222 3.2988
222.5 3.2943
223 3.2898
223.5 3.2853
224 3.2808
224.5 3.2763
225 3.2719
225.5 3.2675
226 3.2631
226.5 3.2587
227 3.2543
227.5 3.25
228 3.2457
228.5 3.2413
229 3.2371
229.5 3.2328
230 3.2285
230.5 3.2243
231 3.2201
231.5 3.2159
232 3.2117
232.5 3.2075
233 3.2034
233.5 3.1993
234 3.1951
234.5 3.1911
235 3.187
235.5 3.1829
236 3.1789
236.5 3.1748
237 3.1708
237.5 3.1668
238 3.1629
238.5 3.1589
239 3.1549
239.5 3.151
240 3.1471
240.5 3.1432
241 3.1393
241.5 3.1355
242 3.1316
242.5 3.1278
243 3.1239
243.5 3.1201
244 3.1164
244.5 3.1126
245 3.1088
245.5 3.1051
246 3.1013
246.5 3.0976
247 3.0939
247.5 3.0902
248 3.0866
248.5 3.0829
249 3.0793
249.5 3.0756
250 3.072
250.5 3.0684
251 3.0648
251.5 3.0613
252 3.0577
252.5 3.0542
253 3.0506
253.5 3.0471
254 3.0436
254.5 3.0401
255 3.0367
255.5 3.0332
256 3.0297
256.5 3.0263
257 3.0229
257.5 3.0195
258 3.0161
258.5 3.0127
259 3.0093
259.5 3.006
260 3.0026
260.5 2.9993
261 2.996
261.5 2.9926
262 2.9894
262.5 2.9861
263 2.9828
263.5 2.9795
264 2.9763
264.5 2.9731
265 2.9698
265.5 2.9666
266 2.9634
266.5 2.9602
267 2.9571
267.5 2.9539
268 2.9507
268.5 2.9476
269 2.9445
269.5 2.9414
270 2.9382
270.5 2.9352
271 2.9321
271.5 2.929
272 2.9259
272.5 2.9229
273 2.9198
273.5 2.9168
274 2.9138
274.5 2.9108
275 2.9078
275.5 2.9048
276 2.9018
276.5 2.8989
277 2.8959
277.5 2.893
278 2.89
278.5 2.8871
279 2.8842
279.5 2.8813
280 2.8784
280.5 2.8755
281 2.8727
281.5 2.8698
282 2.8669
282.5 2.8641
283 2.8613
283.5 2.8585
284 2.8556
284.5 2.8528
285 2.85
285.5 2.8473
286 2.8445
286.5 2.8417
287 2.839
287.5 2.8362
288 2.8335
288.5 2.8308
289 2.8281
289.5 2.8253
290 2.8227
290.5 2.82
291 2.8173
291.5 2.8146
292 2.812
292.5 2.8093
293 2.8067
293.5 2.804
294 2.8014
294.5 2.7988
295 2.7962
295.5 2.7936
296 2.791
296.5 2.7884
297 2.7858
297.5 2.7833
298 2.7807
298.5 2.7782
299 2.7756
299.5 2.7731
300 2.7706
300.5 2.7681
301 2.7656
301.5 2.7631
302 2.7606
302.5 2.7581
303 2.7556
303.5 2.7532
304 2.7507
304.5 2.7483
305 2.7458
305.5 2.7434
306 2.741
306.5 2.7385
307 2.7361
307.5 2.7337
308 2.7313
308.5 2.729
309 2.7266
309.5 2.7242
310 2.7219
310.5 2.7195
311 2.7171
311.5 2.7148
312 2.7125
312.5 2.7102
313 2.7078
313.5 2.7055
314 2.7032
314.5 2.7009
315 2.6986
315.5 2.6964
316 2.6941
316.5 2.6918
317 2.6896
317.5 2.6873
318 2.6851
318.5 2.6828
319 2.6806
319.5 2.6784
320 2.6762
320.5 2.6739
321 2.6717
321.5 2.6696
322 2.6674
322.5 2.6652
323 2.663
323.5 2.6608
324 2.6587
324.5 2.6565
325 2.6544
325.5 2.6522
326 2.6501
326.5 2.648
327 2.6458
327.5 2.6437
328 2.6416
328.5 2.6395
329 2.6374
329.5 2.6353
330 2.6332
330.5 2.6312
331 2.6291
331.5 2.627
332 2.625
332.5 2.6229
333 2.6209
333.5 2.6188
334 2.6168
334.5 2.6148
335 2.6127
335.5 2.6107
336 2.6087
336.5 2.6067
337 2.6047
337.5 2.6027
338 2.6007
338.5 2.5988
339 2.5968
339.5 2.5948
340 2.5929
340.5 2.5909
341 2.5889
341.5 2.587
342 2.5851
342.5 2.5831
343 2.5812
343.5 2.5793
344 2.5774
344.5 2.5754
345 2.5735
345.5 2.5716
346 2.5697
346.5 2.5679
347 2.566
347.5 2.5641
348 2.5622
348.5 2.5604
349 2.5585
349.5 2.5566
350 2.5548
350.5 2.553
351 2.5511
351.5 2.5493
352 2.5474
352.5 2.5456
353 2.5438
353.5 2.542
354 2.5402
354.5 2.5384
355 2.5366
355.5 2.5348
356 2.533
356.5 2.5312
357 2.5294
357.5 2.5277
358 2.5259
358.5 2.5241
359 2.5224
359.5 2.5206
360 2.5189
360.5 2.5171
361 2.5154
361.5 2.5137
362 2.5119
362.5 2.5102
363 2.5085
363.5 2.5068
364 2.5051
364.5 2.5034
365 2.5017
365.5 2.5
366 2.4983
366.5 2.4966
367 2.4949
367.5 2.4932
368 2.4916
368.5 2.4899
369 2.4882
369.5 2.4866
370 2.4849
370.5 2.4833
371 2.4816
371.5 2.48
372 2.4784
372.5 2.4767
373 2.4751
373.5 2.4735
374 2.4719
374.5 2.4702
375 2.4686
375.5 2.467
376 2.4654
376.5 2.4638
377 2.4622
377.5 2.4607
378 2.4591
378.5 2.4575
379 2.4559
379.5 2.4544
380 2.4528
380.5 2.4512
381 2.4497
381.5 2.4481
382 2.4466
382.5 2.445
383 2.4435
383.5 2.4419
384 2.4404
384.5 2.4389
385 2.4374
385.5 2.4358
386 2.4343
386.5 2.4328
387 2.4313
387.5 2.4298
388 2.4283
388.5 2.4268
389 2.4253
389.5 2.4238
390 2.4223
390.5 2.4209
391 2.4194
391.5 2.4179
392 2.4164
392.5 2.415
393 2.4135
393.5 2.4121
394 2.4106
394.5 2.4092
395 2.4077
395.5 2.4063
396 2.4048
396.5 2.4034
397 2.402
397.5 2.4005
398 2.3991
398.5 2.3977
399 2.3963
399.5 2.3949
400 2.3934
