0 0
0.5 406.1635
1 259.2897
1.5 194.4097
2 157.531
2.5 133.3175
3 115.6769
3.5 102.6021
4 92.6894
4.5 84.7468
5 78.085
5.5 72.4753
6 67.6827
6.5 63.5372
7 59.9132
7.5 56.7435
8 53.8949
8.5 51.3436
9 49.0446
9.5 46.9611
10 45.0634
10.5 43.3274
11 41.7469
11.5 40.2745
12 38.9122
12.5 37.6479
13 36.471
13.5 35.3726
14 34.3449
14.5 33.3813
15 32.4756
15.5 31.6229
16 30.8185
16.5 30.0583
17 29.3384
17.5 28.6557
18 28.0074
18.5 27.391
19 26.8038
19.5 26.2441
20 25.7097
20.5 25.199
21 24.7105
21.5 24.2425
22 23.7939
22.5 23.3635
23 22.9501
23.5 22.5528
24 22.1705
24.5 21.8025
25 21.4479
25.5 21.106
26 20.7761
26.5 20.4576
27 20.1498
27.5 19.8523
28 19.5646
28.5 19.286
29 19.0163
29.5 18.7549
30 18.5015
30.5 18.2557
31 18.0172
31.5 17.7856
32 17.5607
32.5 17.3421
33 17.1296
33.5 16.923
34 16.7218
34.5 16.5261
35 16.3355
35.5 16.1498
36 15.9689
36.5 15.7926
37 15.6206
37.5 15.4529
38 15.2892
38.5 15.1294
39 14.9735
39.5 14.8211
40 14.6722
40.5 14.5268
41 14.3845
41.5 14.2456
42 14.1095
42.5 13.9765
43 13.8464
43.5 13.719
44 13.5943
44.5 13.4721
45 13.3525
45.5 13.2353
46 13.1204
46.5 13.0079
47 12.8976
47.5 12.7894
48 12.6833
48.5 12.5792
49 12.477
49.5 12.3768
50 12.2785
50.5 12.1819
51 12.0871
51.5 11.9941
52 11.9027
52.5 11.8128
53 11.7245
53.5 11.6378
54 11.5527
54.5 11.4689
55 11.3865
55.5 11.3055
56 11.2258
56.5 11.1475
57 11.0705
57.5 10.9947
58 10.92
58.5 10.8467
59 10.7744
59.5 10.7032
60 10.6333
60.5 10.5644
61 10.4965
61.5 10.4296
62 10.3637
62.5 10.2988
63 10.2349
63.5 10.1719
64 10.1098
64.5 10.0486
65 9.9884
65.5 9.9289
66 9.8703
66.5 9.8125
67 9.7556
67.5 9.6994
68 9.644
68.5 9.5893
69 9.5354
69.5 9.4822
70 9.4297
70.5 9.3779
71 9.3268
71.5 9.2763
72 9.2265
72.5 9.1774
73 9.1289
73.5 9.0809
74 9.0336
74.5 8.9869
75 8.9408
75.5 8.8953
76 8.8503
76.5 8.8058
77 8.7619
77.5 8.7185
78 8.6757
78.5 8.6333
79 8.5915
79.5 8.5502
80 8.5093
80.5 8.4689
81 8.429
81.5 8.3895
82 8.3505
82.5 8.3119
83 8.2738
83.5 8.2361
84 8.1988
84.5 8.1619
85 8.1255
85.5 8.0894
86 8.0537
86.5 8.0185
87 7.9836
87.5 7.949
88 7.9149
88.5 7.8811
89 7.8476
89.5 7.8145
90 7.7818
90.5 7.7494
91 7.7173
91.5 7.6856
92 7.6541
92.5 7.623
93 7.5923
93.5 7.5618
94 7.5316
94.5 7.5018
95 7.4722
95.5 7.4429
96 7.4139
96.5 7.3852
97 7.3567
97.5 7.3286
98 7.3007
98.5 7.2731
99 7.2457
99.5 7.2186
100 7.1918
100.5 7.1652
101 7.1388
101.5 7.1127
102 7.0869
102.5 7.0612
103 7.0359
103.5 7.0107
104 6.9858
104.5 6.9611
105 6.9366
105.5 6.9123
106 6.8883
106.5 6.8644
107 6.8408
107.5 6.8174
108 6.7942
108.5 6.7712
109 6.7484
109.5 6.7258
110 6.7033
110.5 6.6811
111 6.6591
111.5 6.6372
112 6.6156
112.5 6.5941
113 6.5728
113.5 6.5516
114 6.5307
114.5 6.5099
115 6.4893
115.5 6.4689
116 6.4486
116.5 6.4285
117 6.4085
117.5 6.3887
118 6.3691
118.5 6.3496
119 6.3303
119.5 6.3112
120 6.2922
120.5 6.2733
121 6.2546
121.5 6.236
122 6.2176
122.5 6.1993
123 6.1812
123.5 6.1632
124 6.1453
124.5 6.1276
125 6.11
125.5 6.0925
126 6.0752
126.5 6.058
127 6.041
127.5 6.024
128 6.0072
128.5 5.9905
129 5.9739
129.5 5.9575
130 5.9412
130.5 5.925
131 5.9089
131.5 5.8929
132 5.877
132.5 5.8613
133 5.8457
133.5 5.8301
134 5.8147
134.5 5.7994
135 5.7842
135.5 5.7691
136 5.7542
136.5 5.7393
137 5.7245
137.5 5.7098
138 5.6953
138.5 5.6808
139 5.6664
139.5 5.6521
140 5.638
140.5 5.6239
141 5.6099
141.5 5.596
142 5.5822
142.5 5.5685
143 5.5549
143.5 5.5414
144 5.5279
144.5 5.5146
145 5.5013
145.5 5.4882
146 5.4751
146.5 5.4621
147 5.4492
147.5 5.4363
148 5.4236
148.5 5.4109
149 5.3983
149.5 5.3858
150 5.3734
150.5 5.3611
151 5.3488
151.5 5.3366
152 5.3245
152.5 5.3124
153 5.3005
153.5 5.2886
154 5.2768
154.5 5.265
155 5.2534
155.5 5.2418
156 5.2302
156.5 5.2188
157 5.2074
157.5 5.1961
158 5.1848
158.5 5.1736
159 5.1625
159.5 5.1515
160 5.1405
160.5 5.1296
161 5.1187
161.5 5.108
162 5.0972
162.5 5.0866
163 5.076
163.5 5.0655
164 5.055
164.5 5.0446
165 5.0342
165.5 5.0239
166 5.0137
166.5 5.0035
167 4.9934
167.5 4.9834
168 4.9734
168.5 4.9634
169 4.9535
169.5 4.9437
170 4.9339
170.5 4.9242
171 4.9145
171.5 4.9049
172 4.8954
172.5 4.8859
173 4.8764
173.5 4.867
174 4.8577
174.5 4.8484
175 4.8391
175.5 4.83
176 4.8208
176.5 4.8117
177 4.8027
177.5 4.7937
178 4.7847
178.5 4.7758
179 4.767
179.5 4.7582
180 4.7494
180.5 4.7407
181 4.7321
181.5 4.7235
182 4.7149
182.5 4.7064
183 4.6979
183.5 4.6894
184 4.6811
184.5 4.6727
185 4.6644
185.5 4.6561
186 4.6479
186.5 4.6397
187 4.6316
187.5 4.6235
188 4.6155
188.5 4.6075
189 4.5995
189.5 4.5916
190 4.5837
190.5 4.5758
191 4.568
191.5 4.5603
192 4.5525
192.5 4.5449
193 4.5372
193.5 4.5296
194 4.522
194.5 4.5145
195 4.507
195.5 4.4995
196 4.4921
196.5 4.4847
197 4.4773
197.5 4.47
198 4.4627
198.5 4.4555
199 4.4483
199.5 4.4411
200 4.434
200.5 4.4269
201 4.4198
201.5 4.4128
202 4.4058
202.5 4.3988
203 4.3918
203.5 4.3849
204 4.3781
204.5 4.3712
205 4.3644
205.5 4.3576
206 4.3509
206.5 4.3442
207 4.3375
207.5 4.3309
208 4.3242
208.5 4.3177
209 4.3111
209.5 4.3046
210 4.2981
210.5 4.2916
211 4.2852
211.5 4.2788
212 4.2724
212.5 4.2661
213 4.2597
213.5 4.2534
214 4.2472
214.5 4.2409
215 4.2347
215.5 4.2286
216 4.2224
216.5 4.2163
217 4.2102
217.5 4.2041
218 4.1981
218.5 4.1921
219 4.1861
219.5 4.1801
220 4.1742
220.5 4.1683
221 4.1624
221.5 4.1566
222 4.1507
222.5 4.1449
223 4.1392
223.5 4.1334
224 4.1277
224.5 4.122
225 4.1163
225.5 4.1106
226 4.105
226.5 4.0994
227 4.0938
227.5 4.0883
228 4.0827
228.5 4.0772
229 4.0717
229.5 4.0663
230 4.0608
230.5 4.0554
231 4.05
231.5 4.0447
232 4.0393
232.5 4.034
233 4.0287
233.5 4.0234
234 4.0181
234.5 4.0129
235 4.0077
235.5 4.0025
236 3.9973
236.5 3.9922
237 3.987
237.5 3.9819
238 3.9768
238.5 3.9718
239 3.9667
239.5 3.9617
240 3.9567
240.5 3.9517
241 3.9467
241.5 3.9418
242 3.9369
242.5 3.932
243 3.9271
243.5 3.9222
244 3.9174
244.5 3.9126
245 3.9077
245.5 3.903
246 3.8982
246.5 3.8934
247 3.8887
247.5 3.884
248 3.8793
248.5 3.8746
249 3.87
249.5 3.8653
250 3.8607
250.5 3.8561
251 3.8515
251.5 3.847
252 3.8424
252.5 3.8379
253 3.8334
253.5 3.8289
254 3.8244
254.5 3.8199
255 3.8155
255.5 3.8111
256 3.8067
256.5 3.8023
257 3.7979
257.5 3.7935
258 3.7892
258.5 3.7849
259 3.7806
259.5 3.7763
260 3.772
260.5 3.7677
261 3.7635
261.5 3.7593
262 3.7551
262.5 3.7509
263 3.7467
263.5 3.7425
264 3.7384
264.5 3.7342
265 3.7301
265.5 3.726
266 3.7219
266.5 3.7179
267 3.7138
267.5 3.7098
268 3.7057
268.5 3.7017
269 3.6977
269.5 3.6937
270 3.6898
270.5 3.6858
271 3.6819
271.5 3.6779
272 3.674
272.5 3.6701
273 3.6662
273.5 3.6624
274 3.6585
274.5 3.6547
275 3.6509
275.5 3.647
276 3.6432
276.5 3.6395
277 3.6357
277.5 3.6319
278 3.6282
278.5 3.6244
279 3.6207
279.5 3.617
280 3.6133
280.5 3.6096
281 3.606
281.5 3.6023
282 3.5987
282.5 3.595
283 3.5914
283.5 3.5878
284 3.5842
284.5 3.5807
285 3.5771
285.5 3.5735
286 3.57
286.5 3.5665
287 3.563
287.5 3.5595
288 3.556
288.5 3.5525
289 3.549
289.5 3.5456
290 3.5421
290.5 3.5387
291 3.5353
291.5 3.5318
292 3.5285
292.5 3.5251
293 3.5217
293.5 3.5183
294 3.515
294.5 3.5116
295 3.5083
295.5 3.505
296 3.5017
296.5 3.4984
297 3.4951
297.5 3.4918
298 3.4886
298.5 3.4853
299 3.4821
299.5 3.4788
300 3.4756
300.5 3.4724
301 3.4692
301.5 3.466
302 3.4629
302.5 3.4597
303 3.4565
303.5 3.4534
304 3.4502
304.5 3.4471
305 3.444
305.5 3.4409
306 3.4378
306.5 3.4347
307 3.4316
307.5 3.4286
308 3.4255
308.5 3.4225
309 3.4194
309.5 3.4164
310 3.4134
310.5 3.4104
311 3.4074
311.5 3.4044
312 3.4014
312.5 3.3985
313 3.3955
313.5 3.3926
314 3.3896
314.5 3.3867
315 3.3838
315.5 3.3809
316 3.378
316.5 3.3751
317 3.3722
317.5 3.3693
318 3.3664
318.5 3.3636
319 3.3607
319.5 3.3579
320 3.3551
320.5 3.3523
321 3.3494
321.5 3.3466
322 3.3438
322.5 3.3411
323 3.3383
323.5 3.3355
324 3.3328
324.5 3.33
325 3.3273
325.5 3.3245
326 3.3218
326.5 3.3191
327 3.3164
327.5 3.3137
328 3.311
328.5 3.3083
329 3.3056
329.5 3.303
330 3.3003
330.5 3.2976
331 3.295
331.5 3.2924
332 3.2897
332.5 3.2871
333 3.2845
333.5 3.2819
334 3.2793
334.5 3.2767
335 3.2741
335.5 3.2716
336 3.269
336.5 3.2664
337 3.2639
337.5 3.2613
338 3.2588
338.5 3.2563
339 3.2538
339.5 3.2513
340 3.2487
340.5 3.2462
341 3.2438
341.5 3.2413
342 3.2388
342.5 3.2363
343 3.2339
343.5 3.2314
344 3.229
344.5 3.2265
345 3.2241
345.5 3.2217
346 3.2193
346.5 3.2169
347 3.2145
347.5 3.2121
348 3.2097
348.5 3.2073
349 3.2049
349.5 3.2025
350 3.2002
350.5 3.1978
351 3.1955
351.5 3.1931
352 3.1908
352.5 3.1885
353 3.1861
353.5 3.1838
354 3.1815
354.5 3.1792
355 3.1769
355.5 3.1746
356 3.1724
356.5 3.1701
357 3.1678
357.5 3.1656
358 3.1633
358.5 3.1611
359 3.1588
359.5 3.1566
360 3.1543
360.5 3.1521
361 3.1499
361.5 3.1477
362 3.1455
362.5 3.1433
363 3.1411
363.5 3.1389
364 3.1367
364.5 3.1345
365 3.1324
365.5 3.1302
366 3.1281
366.5 3.1259
367 3.1238
367.5 3.1216
368 3.1195
368.5 3.1174
369 3.1152
369.5 3.1131
370 3.111
370.5 3.1089
371 3.1068
371.5 3.1047
372 3.1026
372.5 3.1006
373 3.0985
373.5 3.0964
374 3.0943
374.5 3.0923
375 3.0902
375.5 3.0882
376 3.0861
376.5 3.0841
377 3.0821
377.5 3.08
378 3.078
378.5 3.076
379 3.074
379.5 3.072
380 3.07
380.5 3.068
381 3.066
381.5 3.064
382 3.0621
382.5 3.0601
383 3.0581
383.5 3.0562
384 3.0542
384.5 3.0523
385 3.0503
385.5 3.0484
386 3.0464
386.5 3.0445
387 3.0426
387.5 3.0407
388 3.0388
388.5 3.0369
389 3.0349
389.5 3.033
390 3.0312
390.5 3.0293
391 3.0274
391.5 3.0255
392 3.0236
392.5 3.0218
393 3.0199
393.5 3.018
394 3.0162
394.5 3.0143
395 3.0125
395.5 3.0106
396 3.0088
396.5 3.007
397 3.0051
397.5 3.0033
398 3.0015
398.5 2.9997
399 2.9979
399.5 2.9961
400 2.9943
