0 0
0.5 266.0642
1 182.2804
1.5 140.5411
2 115.728
2.5 99.008
3 86.5957
3.5 77.2865
4 70.1714
4.5 64.4274
5 59.5746
5.5 55.4654
6 51.9379
6.5 48.874
7 46.1857
7.5 43.8276
8 41.7012
8.5 39.7917
9 38.0668
9.5 36.5001
10 35.0703
10.5 33.7598
11 32.5648
11.5 31.4494
12 30.4158
12.5 29.4552
13 28.5598
13.5 27.723
14 26.9391
14.5 26.2033
15 25.5108
15.5 24.8583
16 24.2421
16.5 23.6592
17 23.1067
17.5 22.5823
18 22.0839
18.5 21.6096
19 21.1575
19.5 20.7261
20 20.314
20.5 19.9199
21 19.5427
21.5 19.1811
22 18.8342
22.5 18.5013
23 18.1812
23.5 17.8735
24 17.5772
24.5 17.2919
25 17.0168
25.5 16.7514
26 16.4952
26.5 16.2477
27 16.0085
27.5 15.7771
28 15.5533
28.5 15.3365
29 15.1264
29.5 14.9228
30 14.7253
30.5 14.5337
31 14.3477
31.5 14.167
32 13.9915
32.5 13.8208
33 13.6548
33.5 13.4934
34 13.3362
34.5 13.1832
35 13.0341
35.5 12.8889
36 12.7473
36.5 12.6092
37 12.4746
37.5 12.3432
38 12.215
38.5 12.0897
39 11.9675
39.5 11.848
40 11.7313
40.5 11.6172
41 11.5055
41.5 11.3964
42 11.2897
42.5 11.1852
43 11.083
43.5 10.9829
44 10.8849
44.5 10.7889
45 10.6948
45.5 10.6027
46 10.5123
46.5 10.4238
47 10.337
47.5 10.2518
48 10.1683
48.5 10.0863
49 10.0058
49.5 9.9269
50 9.8494
50.5 9.7733
51 9.6987
51.5 9.6253
52 9.5532
52.5 9.4823
53 9.4127
53.5 9.3443
54 9.2771
54.5 9.211
55 9.146
55.5 9.0821
56 9.0192
56.5 8.9573
57 8.8965
57.5 8.8366
58 8.7776
58.5 8.7197
59 8.6626
59.5 8.6063
60 8.551
60.5 8.4965
61 8.4429
61.5 8.3899
62 8.3379
62.5 8.2865
63 8.2359
63.5 8.1861
64 8.1369
64.5 8.0885
65 8.0408
65.5 7.9937
66 7.9474
66.5 7.9016
67 7.8565
67.5 7.812
68 7.7681
68.5 7.7248
69 7.682
69.5 7.6399
70 7.5983
70.5 7.5572
71 7.5167
71.5 7.4767
72 7.4372
72.5 7.3982
73 7.3598
73.5 7.3218
74 7.2842
74.5 7.2472
75 7.2106
75.5 7.1744
76 7.1387
76.5 7.1034
77 7.0686
77.5 7.0342
78 7.0001
78.5 6.9665
79 6.9333
79.5 6.9004
80 6.868
80.5 6.8359
81 6.8042
81.5 6.7728
82 6.7418
82.5 6.7112
83 6.6809
83.5 6.6509
84 6.6213
84.5 6.592
85 6.563
85.5 6.5343
86 6.5059
86.5 6.4779
87 6.4501
87.5 6.4227
88 6.3955
88.5 6.3686
89 6.342
89.5 6.3157
90 6.2896
90.5 6.2638
91 6.2383
91.5 6.213
92 6.188
92.5 6.1633
93 6.1388
93.5 6.1145
94 6.0905
94.5 6.0667
95 6.0431
95.5 6.0198
96 5.9967
96.5 5.9739
97 5.9512
97.5 5.9288
98 5.9066
98.5 5.8845
99 5.8627
99.5 5.8411
100 5.8198
100.5 5.7986
101 5.7776
101.5 5.7568
102 5.7361
102.5 5.7157
103 5.6955
103.5 5.6754
104 5.6555
104.5 5.6358
105 5.6163
105.5 5.597
106 5.5778
106.5 5.5588
107 5.5399
107.5 5.5213
108 5.5027
108.5 5.4844
109 5.4662
109.5 5.4481
110 5.4303
110.5 5.4125
111 5.3949
111.5 5.3775
112 5.3602
112.5 5.3431
113 5.326
113.5 5.3092
114 5.2925
114.5 5.2759
115 5.2594
115.5 5.2431
116 5.2269
116.5 5.2108
117 5.1949
117.5 5.1791
118 5.1635
118.5 5.1479
119 5.1325
119.5 5.1172
120 5.102
120.5 5.0869
121 5.072
121.5 5.0571
122 5.0424
122.5 5.0278
123 5.0133
123.5 4.9989
124 4.9846
124.5 4.9705
125 4.9564
125.5 4.9425
126 4.9286
126.5 4.9149
127 4.9012
127.5 4.8877
128 4.8742
128.5 4.8609
129 4.8476
129.5 4.8345
130 4.8214
130.5 4.8085
131 4.7956
131.5 4.7828
132 4.7702
132.5 4.7576
133 4.7451
133.5 4.7326
134 4.7203
134.5 4.7081
135 4.6959
135.5 4.6838
136 4.6719
136.5 4.66
137 4.6481
137.5 4.6364
138 4.6247
138.5 4.6132
139 4.6017
139.5 4.5902
140 4.5789
140.5 4.5676
141 4.5564
141.5 4.5453
142 4.5343
142.5 4.5233
143 4.5124
143.5 4.5016
144 4.4908
144.5 4.4801
145 4.4695
145.5 4.459
146 4.4485
146.5 4.4381
147 4.4277
147.5 4.4175
148 4.4073
148.5 4.3971
149 4.387
149.5 4.377
150 4.3671
150.5 4.3572
151 4.3473
151.5 4.3376
152 4.3279
152.5 4.3182
153 4.3086
153.5 4.2991
154 4.2897
154.5 4.2803
155 4.2709
155.5 4.2616
156 4.2524
156.5 4.2432
157 4.2341
157.5 4.225
158 4.216
158.5 4.207
159 4.1981
159.5 4.1893
160 4.1805
160.5 4.1717
161 4.163
161.5 4.1544
162 4.1458
162.5 4.1372
163 4.1287
163.5 4.1203
164 4.1119
164.5 4.1036
165 4.0953
165.5 4.087
166 4.0788
166.5 4.0706
167 4.0625
167.5 4.0545
168 4.0465
168.5 4.0385
169 4.0306
169.5 4.0227
170 4.0148
170.5 4.007
171 3.9993
171.5 3.9916
172 3.9839
172.5 3.9763
173 3.9687
173.5 3.9612
174 3.9537
174.5 3.9462
175 3.9388
175.5 3.9314
176 3.9241
176.5 3.9168
177 3.9096
177.5 3.9023
178 3.8952
178.5 3.888
179 3.8809
179.5 3.8739
180 3.8668
180.5 3.8599
181 3.8529
181.5 3.846
182 3.8391
182.5 3.8323
183 3.8255
183.5 3.8187
184 3.812
184.5 3.8052
185 3.7986
185.5 3.792
186 3.7854
186.5 3.7788
187 3.7723
187.5 3.7658
188 3.7593
188.5 3.7529
189 3.7465
189.5 3.7401
190 3.7338
190.5 3.7275
191 3.7212
191.5 3.715
192 3.7088
192.5 3.7026
193 3.6965
193.5 3.6904
194 3.6843
194.5 3.6782
195 3.6722
195.5 3.6662
196 3.6602
196.5 3.6543
197 3.6484
197.5 3.6425
198 3.6367
198.5 3.6309
199 3.6251
199.5 3.6193
200 3.6136
200.5 3.6079
201 3.6022
201.5 3.5965
202 3.5909
202.5 3.5853
203 3.5797
203.5 3.5742
204 3.5687
204.5 3.5632
205 3.5577
205.5 3.5523
206 3.5468
206.5 3.5414
207 3.5361
207.5 3.5307
208 3.5254
208.5 3.5201
209 3.5149
209.5 3.5096
210 3.5044
210.5 3.4992
211 3.494
211.5 3.4889
212 3.4838
212.5 3.4787
213 3.4736
213.5 3.4685
214 3.4635
214.5 3.4585
215 3.4535
215.5 3.4485
216 3.4436
216.5 3.4387
217 3.4338
217.5 3.4289
218 3.424
218.5 3.4192
219 3.4144
219.5 3.4096
220 3.4048
220.5 3.4001
221 3.3954
221.5 3.3907
222 3.386
222.5 3.3813
223 3.3767
223.5 3.372
224 3.3674
224.5 3.3628
225 3.3583
225.5 3.3537
226 3.3492
226.5 3.3447
227 3.3402
227.5 3.3357
228 3.3313
228.5 3.3269
229 3.3225
229.5 3.3181
230 3.3137
230.5 3.3093
231 3.305
231.5 3.3007
232 3.2964
232.5 3.2921
233 3.2878
233.5 3.2836
234 3.2794
234.5 3.2751
235 3.271
235.5 3.2668
236 3.2626
236.5 3.2585
237 3.2543
237.5 3.2502
238 3.2461
238.5 3.2421
239 3.238
239.5 3.234
240 3.2299
240.5 3.2259
241 3.2219
241.5 3.218
242 3.214
242.5 3.2101
243 3.2061
243.5 3.2022
244 3.1983
244.5 3.1944
245 3.1906
245.5 3.1867
246 3.1829
246.5 3.1791
247 3.1753
247.5 3.1715
248 3.1677
248.5 3.1639
249 3.1602
249.5 3.1565
250 3.1527
250.5 3.149
251 3.1454
251.5 3.1417
252 3.138
252.5 3.1344
253 3.1307
253.5 3.1271
254 3.1235
254.5 3.1199
255 3.1164
255.5 3.1128
256 3.1092
256.5 3.1057
257 3.1022
257.5 3.0987
258 3.0952
258.5 3.0917
259 3.0882
259.5 3.0848
260 3.0814
260.5 3.0779
261 3.0745
261.5 3.0711
262 3.0677
262.5 3.0643
263 3.061
263.5 3.0576
264 3.0543
264.5 3.051
265 3.0476
265.5 3.0443
266 3.0411
266.5 3.0378
267 3.0345
267.5 3.0313
268 3.028
268.5 3.0248
269 3.0216
269.5 3.0184
270 3.0152
270.5 3.012
271 3.0088
271.5 3.0056
272 3.0025
272.5 2.9994
273 2.9962
273.5 2.9931
274 2.99
274.5 2.9869
275 2.9838
275.5 2.9808
276 2.9777
276.5 2.9747
277 2.9716
277.5 2.9686
278 2.9656
278.5 2.9626
279 2.9596
279.5 2.9566
280 2.9536
280.5 2.9507
281 2.9477
281.5 2.9448
282 2.9418
282.5 2.9389
283 2.936
283.5 2.9331
284 2.9302
284.5 2.9273
285 2.9245
285.5 2.9216
286 2.9188
286.5 2.9159
287 2.9131
287.5 2.9103
288 2.9074
288.5 2.9046
289 2.9019
289.5 2.8991
290 2.8963
290.5 2.8935
291 2.8908
291.5 2.888
292 2.8853
292.5 2.8826
293 2.8799
293.5 2.8771
294 2.8744
294.5 2.8718
295 2.8691
295.5 2.8664
296 2.8637
296.5 2.8611
297 2.8584
297.5 2.8558
298 2.8532
298.5 2.8506
299 2.848
299.5 2.8453
300 2.8428
300.5 2.8402
301 2.8376
301.5 2.835
302 2.8325
302.5 2.8299
303 2.8274
303.5 2.8248
304 2.8223
304.5 2.8198
305 2.8173
305.5 2.8148
306 2.8123
306.5 2.8098
307 2.8073
307.5 2.8049
308 2.8024
308.5 2.8
309 2.7975
309.5 2.7951
310 2.7927
310.5 2.7902
311 2.7878
311.5 2.7854
312 2.783
312.5 2.7806
313 2.7782
313.5 2.7759
314 2.7735
314.5 2.7711
315 2.7688
315.5 2.7664
316 2.7641
316.5 2.7618
317 2.7594
317.5 2.7571
318 2.7548
318.5 2.7525
319 2.7502
319.5 2.7479
320 2.7457
320.5 2.7434
321 2.7411
321.5 2.7389
322 2.7366
322.5 2.7344
323 2.7321
323.5 2.7299
324 2.7277
324.5 2.7255
325 2.7233
325.5 2.7211
326 2.7189
326.5 2.7167
327 2.7145
327.5 2.7123
328 2.7101
328.5 2.708
329 2.7058
329.5 2.7037
330 2.7015
330.5 2.6994
331 2.6973
331.5 2.6951
332 2.693
332.5 2.6909
333 2.6888
333.5 2.6867
334 2.6846
334.5 2.6825
335 2.6805
335.5 2.6784
336 2.6763
336.5 2.6743
337 2.6722
337.5 2.6702
338 2.6681
338.5 2.6661
339 2.6641
339.5 2.662
340 2.66
340.5 2.658
341 2.656
341.5 2.654
342 2.652
342.5 2.65
343 2.648
343.5 2.6461
344 2.6441
344.5 2.6421
345 2.6402
345.5 2.6382
346 2.6363
346.5 2.6343
347 2.6324
347.5 2.6305
348 2.6285
348.5 2.6266
349 2.6247
349.5 2.6228
350 2.6209
350.5 2.619
351 2.6171
351.5 2.6152
352 2.6133
352.5 2.6114
353 2.6096
353.5 2.6077
354 2.6059
354.5 2.604
355 2.6022
355.5 2.6003
356 2.5985
356.5 2.5966
357 2.5948
357.5 2.593
358 2.5912
358.5 2.5894
359 2.5875
359.5 2.5858
360 2.5839
360.5 2.5822
361 2.5804
361.5 2.5786
362 2.5768
362.5 2.575
363 2.5733
363.5 2.5715
364 2.5698
364.5 2.568
365 2.5662
365.5 2.5645
366 2.5628
366.5 2.561
367 2.5593
367.5 2.5576
368 2.5559
368.5 2.5542
369 2.5524
369.5 2.5507
370 2.549
370.5 2.5473
371 2.5457
371.5 2.544
372 2.5423
372.5 2.5406
373 2.5389
373.5 2.5373
374 2.5356
374.5 2.534
375 2.5323
375.5 2.5306
376 2.529
376.5 2.5274
377 2.5257
377.5 2.5241
378 2.5225
378.5 2.5208
379 2.5192
379.5 2.5176
380 2.516
380.5 2.5144
381 2.5128
381.5 2.5112
382 2.5096
382.5 2.508
383 2.5064
383.5 2.5049
384 2.5033
384.5 2.5017
385 2.5001
385.5 2.4986
386 2.497
386.5 2.4955
387 2.4939
387.5 2.4924
388 2.4908
388.5 2.4893
389 2.4878
389.5 2.4862
390 2.4847
390.5 2.4832
391 2.4817
391.5 2.4801
392 2.4786
392.5 2.4771
393 2.4756
393.5 2.4741
394 2.4726
394.5 2.4711
395 2.4697
395.5 2.4682
396 2.4667
396.5 2.4652
397 2.4637
397.5 2.4623
398 2.4608
398.5 2.4593
399 2.4579
399.5 2.4564
400 2.455
