#HU_to_Material
-1000	'air'	0	0	7.900000e-01	2.100000e-01 0	0
-724	'Sinus Cavities'	0.0859	0.6589	0.0352	0.1926	0	0.0101
36		'Average Soft Tissue'	0.0847	0.5744	0.0165	0.2459	0	0
50		'Brain Tissue'	0.0816 0.536	0.0153	0.2649	0	0
62		'Spinal Cord'	0.0846	0.5621	0.0153	0.2478	0.0012	0.0025	
300	    'Trabecular bone'	0.0746	0.5484	0.013	0.2528	0	0.0884
340		'Spinal Disc'	0.0671	0.4576	0.0188	0.3106	0	0
710		'Tooth Dentin'	0.0451	0.3535	0.0123	0.2941	0.092	0.1984
960		'Cortical Bone'	0.0330	0.2537	0.0091	0.3528	0.0882	0.2291
1967	'Tooth Enamel'	0.0277	0.2181	0.0082	0.3402	0.1233	0.266
#HU_to_Density
-1000	    0
-697.3		0.3
-502.1		0.5
-92.8		0.943
-45.4		0.979
-2.2		1.0
25.6		1.053
54.1		1.090
192.4		1.140
201.2		1.152
412.7		1.335
759.5		1.559
1150.9		1.823
4797.0		4.233
8218.0		6.497
10000.0		7.676
#HU_to_Stopping_Power
-1000 			   0
-200 		7.93e-01
-120 		9.57e-01
-20 	   1.013e+00
35 		   1.025e+00
100 		1.09e+00
140 	   1.106e+00
4500 	   3.387e+00
