0 0
0.5 350.0562
1 225.9171
1.5 170.1494
2 138.2363
2.5 117.1987
3 101.8264
3.5 90.4113
4 81.7456
4.5 74.7937
5 68.9559
5.5 64.0357
6 59.8288
6.5 56.1874
7 53.0022
7.5 50.2149
8 47.7086
8.5 45.4628
9 43.4383
9.5 41.6029
10 39.9306
10.5 38.4003
11 37.0068
11.5 35.708
12 34.5062
12.5 33.3904
13 32.3517
13.5 31.3819
14 30.4744
14.5 29.6233
15 28.8232
15.5 28.0698
16 27.359
16.5 26.687
17 26.0507
17.5 25.4471
18 24.8739
18.5 24.3287
19 23.8094
19.5 23.3142
20 22.8415
20.5 22.3896
21 21.9573
21.5 21.5432
22 21.1461
22.5 20.7651
23 20.3991
23.5 20.0473
24 19.7089
24.5 19.383
25 19.0689
25.5 18.7661
26 18.4739
26.5 18.1918
27 17.9191
27.5 17.6555
28 17.4006
28.5 17.1537
29 16.9147
29.5 16.683
30 16.4584
30.5 16.2406
31 16.0292
31.5 15.8239
32 15.6245
32.5 15.4307
33 15.2422
33.5 15.059
34 14.8807
34.5 14.7071
35 14.5381
35.5 14.3734
36 14.2129
36.5 14.0565
37 13.9039
37.5 13.7552
38 13.61
38.5 13.4682
39 13.3299
39.5 13.1947
40 13.0626
40.5 12.9335
41 12.8073
41.5 12.684
42 12.5633
42.5 12.4452
43 12.3297
43.5 12.2166
44 12.1059
44.5 11.9975
45 11.8913
45.5 11.7873
46 11.6853
46.5 11.5854
47 11.4875
47.5 11.3914
48 11.2972
48.5 11.2048
49 11.114
49.5 11.0251
50 10.9377
50.5 10.852
51 10.7678
51.5 10.6852
52 10.604
52.5 10.5242
53 10.4458
53.5 10.3688
54 10.2931
54.5 10.2187
55 10.1456
55.5 10.0736
56 10.0028
56.5 9.9333
57 9.8648
57.5 9.7975
58 9.7312
58.5 9.666
59 9.6018
59.5 9.5386
60 9.4764
60.5 9.4152
61 9.3548
61.5 9.2954
62 9.2369
62.5 9.1792
63 9.1224
63.5 9.0665
64 9.0112
64.5 8.9569
65 8.9033
65.5 8.8504
66 8.7984
66.5 8.747
67 8.6964
67.5 8.6465
68 8.5972
68.5 8.5486
69 8.5007
69.5 8.4534
70 8.4067
70.5 8.3607
71 8.3152
71.5 8.2704
72 8.2261
72.5 8.1824
73 8.1393
73.5 8.0967
74 8.0547
74.5 8.0131
75 7.9721
75.5 7.9316
76 7.8916
76.5 7.8521
77 7.8131
77.5 7.7745
78 7.7364
78.5 7.6987
79 7.6615
79.5 7.6248
80 7.5884
80.5 7.5525
81 7.517
81.5 7.4819
82 7.4472
82.5 7.4129
83 7.379
83.5 7.3455
84 7.3123
84.5 7.2795
85 7.2471
85.5 7.215
86 7.1833
86.5 7.1519
87 7.1209
87.5 7.0901
88 7.0598
88.5 7.0297
89 6.9999
89.5 6.9705
90 6.9414
90.5 6.9125
91 6.884
91.5 6.8558
92 6.8278
92.5 6.8002
93 6.7728
93.5 6.7457
94 6.7188
94.5 6.6923
95 6.6659
95.5 6.6399
96 6.6141
96.5 6.5886
97 6.5633
97.5 6.5382
98 6.5134
98.5 6.4888
99 6.4645
99.5 6.4403
100 6.4165
100.5 6.3928
101 6.3694
101.5 6.3461
102 6.3231
102.5 6.3003
103 6.2777
103.5 6.2553
104 6.2332
104.5 6.2112
105 6.1894
105.5 6.1678
106 6.1464
106.5 6.1252
107 6.1042
107.5 6.0833
108 6.0627
108.5 6.0422
109 6.0219
109.5 6.0018
110 5.9818
110.5 5.962
111 5.9424
111.5 5.923
112 5.9037
112.5 5.8846
113 5.8656
113.5 5.8468
114 5.8282
114.5 5.8097
115 5.7913
115.5 5.7731
116 5.7551
116.5 5.7372
117 5.7194
117.5 5.7018
118 5.6844
118.5 5.667
119 5.6498
119.5 5.6328
120 5.6159
120.5 5.5991
121 5.5824
121.5 5.5659
122 5.5495
122.5 5.5332
123 5.5171
123.5 5.501
124 5.4851
124.5 5.4694
125 5.4537
125.5 5.4381
126 5.4227
126.5 5.4074
127 5.3922
127.5 5.3771
128 5.3622
128.5 5.3473
129 5.3326
129.5 5.3179
130 5.3034
130.5 5.2889
131 5.2746
131.5 5.2604
132 5.2463
132.5 5.2323
133 5.2183
133.5 5.2045
134 5.1908
134.5 5.1772
135 5.1636
135.5 5.1502
136 5.1369
136.5 5.1236
137 5.1105
137.5 5.0974
138 5.0844
138.5 5.0715
139 5.0587
139.5 5.046
140 5.0334
140.5 5.0209
141 5.0084
141.5 4.9961
142 4.9838
142.5 4.9716
143 4.9594
143.5 4.9474
144 4.9354
144.5 4.9236
145 4.9118
145.5 4.9
146 4.8884
146.5 4.8768
147 4.8653
147.5 4.8539
148 4.8425
148.5 4.8312
149 4.82
149.5 4.8089
150 4.7978
150.5 4.7868
151 4.7759
151.5 4.765
152 4.7543
152.5 4.7435
153 4.7329
153.5 4.7223
154 4.7118
154.5 4.7013
155 4.6909
155.5 4.6806
156 4.6703
156.5 4.6601
157 4.65
157.5 4.6399
158 4.6299
158.5 4.6199
159 4.61
159.5 4.6002
160 4.5904
160.5 4.5807
161 4.571
161.5 4.5614
162 4.5519
162.5 4.5424
163 4.5329
163.5 4.5235
164 4.5142
164.5 4.5049
165 4.4957
165.5 4.4866
166 4.4774
166.5 4.4684
167 4.4594
167.5 4.4504
168 4.4415
168.5 4.4327
169 4.4239
169.5 4.4151
170 4.4064
170.5 4.3977
171 4.3891
171.5 4.3806
172 4.3721
172.5 4.3636
173 4.3552
173.5 4.3468
174 4.3385
174.5 4.3302
175 4.322
175.5 4.3138
176 4.3056
176.5 4.2975
177 4.2895
177.5 4.2815
178 4.2735
178.5 4.2656
179 4.2577
179.5 4.2498
180 4.242
180.5 4.2343
181 4.2266
181.5 4.2189
182 4.2113
182.5 4.2037
183 4.1961
183.5 4.1886
184 4.1811
184.5 4.1737
185 4.1663
185.5 4.1589
186 4.1516
186.5 4.1443
187 4.1371
187.5 4.1299
188 4.1227
188.5 4.1156
189 4.1085
189.5 4.1014
190 4.0944
190.5 4.0874
191 4.0804
191.5 4.0735
192 4.0666
192.5 4.0598
193 4.053
193.5 4.0462
194 4.0394
194.5 4.0327
195 4.026
195.5 4.0194
196 4.0128
196.5 4.0062
197 3.9996
197.5 3.9931
198 3.9866
198.5 3.9802
199 3.9737
199.5 3.9673
200 3.961
200.5 3.9547
201 3.9483
201.5 3.9421
202 3.9358
202.5 3.9296
203 3.9234
203.5 3.9173
204 3.9112
204.5 3.9051
205 3.899
205.5 3.893
206 3.887
206.5 3.881
207 3.875
207.5 3.8691
208 3.8632
208.5 3.8573
209 3.8515
209.5 3.8457
210 3.8399
210.5 3.8341
211 3.8284
211.5 3.8227
212 3.817
212.5 3.8114
213 3.8057
213.5 3.8001
214 3.7945
214.5 3.789
215 3.7835
215.5 3.778
216 3.7725
216.5 3.767
217 3.7616
217.5 3.7562
218 3.7508
218.5 3.7454
219 3.7401
219.5 3.7348
220 3.7295
220.5 3.7243
221 3.719
221.5 3.7138
222 3.7086
222.5 3.7034
223 3.6983
223.5 3.6931
224 3.688
224.5 3.683
225 3.6779
225.5 3.6729
226 3.6679
226.5 3.6629
227 3.6579
227.5 3.6529
228 3.648
228.5 3.6431
229 3.6382
229.5 3.6333
230 3.6285
230.5 3.6237
231 3.6188
231.5 3.6141
232 3.6093
232.5 3.6045
233 3.5998
233.5 3.5951
234 3.5904
234.5 3.5858
235 3.5811
235.5 3.5765
236 3.5719
236.5 3.5673
237 3.5627
237.5 3.5582
238 3.5536
238.5 3.5491
239 3.5446
239.5 3.5401
240 3.5357
240.5 3.5312
241 3.5268
241.5 3.5224
242 3.518
242.5 3.5136
243 3.5093
243.5 3.505
244 3.5006
244.5 3.4963
245 3.492
245.5 3.4878
246 3.4835
246.5 3.4793
247 3.4751
247.5 3.4709
248 3.4667
248.5 3.4625
249 3.4584
249.5 3.4543
250 3.4501
250.5 3.446
251 3.4419
251.5 3.4379
252 3.4338
252.5 3.4298
253 3.4258
253.5 3.4218
254 3.4178
254.5 3.4138
255 3.4098
255.5 3.4059
256 3.402
256.5 3.398
257 3.3941
257.5 3.3903
258 3.3864
258.5 3.3825
259 3.3787
259.5 3.3749
260 3.3711
260.5 3.3673
261 3.3635
261.5 3.3597
262 3.356
262.5 3.3522
263 3.3485
263.5 3.3448
264 3.3411
264.5 3.3374
265 3.3337
265.5 3.3301
266 3.3264
266.5 3.3228
267 3.3192
267.5 3.3156
268 3.312
268.5 3.3084
269 3.3048
269.5 3.3013
270 3.2978
270.5 3.2942
271 3.2907
271.5 3.2872
272 3.2837
272.5 3.2803
273 3.2768
273.5 3.2733
274 3.2699
274.5 3.2665
275 3.2631
275.5 3.2597
276 3.2563
276.5 3.2529
277 3.2495
277.5 3.2462
278 3.2429
278.5 3.2395
279 3.2362
279.5 3.2329
280 3.2296
280.5 3.2263
281 3.2231
281.5 3.2198
282 3.2166
282.5 3.2133
283 3.2101
283.5 3.2069
284 3.2037
284.5 3.2005
285 3.1973
285.5 3.1942
286 3.191
286.5 3.1879
287 3.1847
287.5 3.1816
288 3.1785
288.5 3.1754
289 3.1723
289.5 3.1692
290 3.1661
290.5 3.1631
291 3.16
291.5 3.157
292 3.154
292.5 3.151
293 3.1479
293.5 3.1449
294 3.142
294.5 3.139
295 3.136
295.5 3.1331
296 3.1301
296.5 3.1272
297 3.1242
297.5 3.1213
298 3.1184
298.5 3.1155
299 3.1126
299.5 3.1097
300 3.1069
300.5 3.104
301 3.1012
301.5 3.0983
302 3.0955
302.5 3.0927
303 3.0899
303.5 3.087
304 3.0843
304.5 3.0815
305 3.0787
305.5 3.0759
306 3.0732
306.5 3.0704
307 3.0677
307.5 3.0649
308 3.0622
308.5 3.0595
309 3.0568
309.5 3.0541
310 3.0514
310.5 3.0487
311 3.0461
311.5 3.0434
312 3.0407
312.5 3.0381
313 3.0355
313.5 3.0328
314 3.0302
314.5 3.0276
315 3.025
315.5 3.0224
316 3.0198
316.5 3.0172
317 3.0147
317.5 3.0121
318 3.0096
318.5 3.007
319 3.0045
319.5 3.0019
320 2.9994
320.5 2.9969
321 2.9944
321.5 2.9919
322 2.9894
322.5 2.9869
323 2.9844
323.5 2.982
324 2.9795
324.5 2.9771
325 2.9746
325.5 2.9722
326 2.9698
326.5 2.9673
327 2.9649
327.5 2.9625
328 2.9601
328.5 2.9577
329 2.9553
329.5 2.9529
330 2.9506
330.5 2.9482
331 2.9459
331.5 2.9435
332 2.9412
332.5 2.9388
333 2.9365
333.5 2.9342
334 2.9319
334.5 2.9296
335 2.9273
335.5 2.925
336 2.9227
336.5 2.9204
337 2.9181
337.5 2.9159
338 2.9136
338.5 2.9113
339 2.9091
339.5 2.9069
340 2.9046
340.5 2.9024
341 2.9002
341.5 2.898
342 2.8958
342.5 2.8936
343 2.8914
343.5 2.8892
344 2.887
344.5 2.8848
345 2.8827
345.5 2.8805
346 2.8783
346.5 2.8762
347 2.8741
347.5 2.8719
348 2.8698
348.5 2.8677
349 2.8655
349.5 2.8634
350 2.8613
350.5 2.8592
351 2.8571
351.5 2.855
352 2.853
352.5 2.8509
353 2.8488
353.5 2.8468
354 2.8447
354.5 2.8427
355 2.8406
355.5 2.8386
356 2.8365
356.5 2.8345
357 2.8325
357.5 2.8305
358 2.8285
358.5 2.8264
359 2.8244
359.5 2.8225
360 2.8205
360.5 2.8185
361 2.8165
361.5 2.8145
362 2.8126
362.5 2.8106
363 2.8086
363.5 2.8067
364 2.8048
364.5 2.8028
365 2.8009
365.5 2.7989
366 2.797
366.5 2.7951
367 2.7932
367.5 2.7913
368 2.7894
368.5 2.7875
369 2.7856
369.5 2.7837
370 2.7818
370.5 2.78
371 2.7781
371.5 2.7762
372 2.7744
372.5 2.7725
373 2.7707
373.5 2.7688
374 2.767
374.5 2.7651
375 2.7633
375.5 2.7615
376 2.7597
376.5 2.7579
377 2.756
377.5 2.7542
378 2.7524
378.5 2.7506
379 2.7488
379.5 2.7471
380 2.7453
380.5 2.7435
381 2.7417
381.5 2.74
382 2.7382
382.5 2.7364
383 2.7347
383.5 2.7329
384 2.7312
384.5 2.7295
385 2.7277
385.5 2.726
386 2.7243
386.5 2.7226
387 2.7208
387.5 2.7191
388 2.7174
388.5 2.7157
389 2.714
389.5 2.7123
390 2.7106
390.5 2.709
391 2.7073
391.5 2.7056
392 2.7039
392.5 2.7023
393 2.7006
393.5 2.6989
394 2.6973
394.5 2.6956
395 2.694
395.5 2.6923
396 2.6907
396.5 2.6891
397 2.6875
397.5 2.6858
398 2.6842
398.5 2.6826
399 2.681
399.5 2.6794
400 2.6778
