0 0
0.5 343.4577
1 225.0107
1.5 170.4995
2 139.0112
2.5 118.1386
3 102.8251
3.5 91.4244
4 82.7544
4.5 75.7877
5 69.9281
5.5 64.9834
6 60.7511
6.5 57.0844
7 53.8745
7.5 51.0637
8 48.5344
8.5 46.2668
9 44.2214
9.5 42.3661
10 40.675
10.5 39.1268
11 37.7165
11.5 36.4015
12 35.1842
12.5 34.0538
13 33.0011
13.5 32.018
14 31.0977
14.5 30.2344
15 29.4227
15.5 28.6581
16 27.9366
16.5 27.2544
17 26.6082
17.5 25.9953
18 25.413
18.5 24.859
19 24.3313
19.5 23.828
20 23.3475
20.5 22.8881
21 22.4484
21.5 22.0273
22 21.6234
22.5 21.2358
23 20.8635
23.5 20.5055
24 20.161
24.5 19.8294
25 19.5097
25.5 19.2014
26 18.9039
26.5 18.6166
27 18.3389
27.5 18.0704
28 17.8108
28.5 17.5593
29 17.3158
29.5 17.0798
30 16.8509
30.5 16.629
31 16.4135
31.5 16.2042
32 16.001
32.5 15.8034
33 15.6113
33.5 15.4245
34 15.2427
34.5 15.0657
35 14.8933
35.5 14.7254
36 14.5617
36.5 14.4022
37 14.2466
37.5 14.0948
38 13.9466
38.5 13.802
39 13.6609
39.5 13.5229
40 13.3881
40.5 13.2564
41 13.1276
41.5 13.0017
42 12.8785
42.5 12.758
43 12.6401
43.5 12.5247
44 12.4117
44.5 12.301
45 12.1926
45.5 12.0864
46 11.9822
46.5 11.8802
47 11.7802
47.5 11.6821
48 11.5859
48.5 11.4915
49 11.3988
49.5 11.3079
50 11.2187
50.5 11.1311
51 11.0452
51.5 10.9607
52 10.8778
52.5 10.7962
53 10.7161
53.5 10.6374
54 10.5601
54.5 10.4841
55 10.4093
55.5 10.3358
56 10.2635
56.5 10.1924
57 10.1225
57.5 10.0536
58 9.9858
58.5 9.9192
59 9.8536
59.5 9.7889
60 9.7254
60.5 9.6628
61 9.6011
61.5 9.5403
62 9.4805
62.5 9.4215
63 9.3635
63.5 9.3063
64 9.2498
64.5 9.1942
65 9.1394
65.5 9.0854
66 9.0322
66.5 8.9796
67 8.9279
67.5 8.8768
68 8.8264
68.5 8.7767
69 8.7277
69.5 8.6793
70 8.6316
70.5 8.5845
71 8.538
71.5 8.4921
72 8.4468
72.5 8.4021
73 8.358
73.5 8.3144
74 8.2714
74.5 8.2289
75 8.187
75.5 8.1455
76 8.1046
76.5 8.0642
77 8.0242
77.5 7.9847
78 7.9458
78.5 7.9072
79 7.8692
79.5 7.8315
80 7.7943
80.5 7.7576
81 7.7212
81.5 7.6853
82 7.6498
82.5 7.6147
83 7.58
83.5 7.5457
84 7.5117
84.5 7.4782
85 7.445
85.5 7.4121
86 7.3797
86.5 7.3475
87 7.3158
87.5 7.2843
88 7.2532
88.5 7.2224
89 7.192
89.5 7.1618
90 7.132
90.5 7.1025
91 7.0733
91.5 7.0444
92 7.0158
92.5 6.9874
93 6.9594
93.5 6.9316
94 6.9042
94.5 6.877
95 6.85
95.5 6.8233
96 6.7969
96.5 6.7708
97 6.7449
97.5 6.7192
98 6.6938
98.5 6.6686
99 6.6437
99.5 6.619
100 6.5945
100.5 6.5703
101 6.5463
101.5 6.5225
102 6.4989
102.5 6.4756
103 6.4524
103.5 6.4295
104 6.4068
104.5 6.3843
105 6.362
105.5 6.3398
106 6.3179
106.5 6.2962
107 6.2747
107.5 6.2533
108 6.2321
108.5 6.2112
109 6.1904
109.5 6.1698
110 6.1493
110.5 6.1291
111 6.109
111.5 6.089
112 6.0693
112.5 6.0497
113 6.0303
113.5 6.011
114 5.9919
114.5 5.9729
115 5.9541
115.5 5.9355
116 5.917
116.5 5.8987
117 5.8805
117.5 5.8624
118 5.8445
118.5 5.8268
119 5.8092
119.5 5.7917
120 5.7744
120.5 5.7572
121 5.7401
121.5 5.7231
122 5.7063
122.5 5.6897
123 5.6731
123.5 5.6567
124 5.6404
124.5 5.6242
125 5.6082
125.5 5.5922
126 5.5764
126.5 5.5607
127 5.5452
127.5 5.5297
128 5.5144
128.5 5.4991
129 5.484
129.5 5.469
130 5.4541
130.5 5.4393
131 5.4247
131.5 5.4101
132 5.3956
132.5 5.3812
133 5.367
133.5 5.3528
134 5.3387
134.5 5.3248
135 5.3109
135.5 5.2971
136 5.2835
136.5 5.2699
137 5.2564
137.5 5.243
138 5.2297
138.5 5.2165
139 5.2034
139.5 5.1903
140 5.1774
140.5 5.1645
141 5.1518
141.5 5.1391
142 5.1265
142.5 5.114
143 5.1016
143.5 5.0892
144 5.077
144.5 5.0648
145 5.0527
145.5 5.0406
146 5.0287
146.5 5.0168
147 5.005
147.5 4.9933
148 4.9817
148.5 4.9701
149 4.9586
149.5 4.9472
150 4.9359
150.5 4.9246
151 4.9134
151.5 4.9022
152 4.8912
152.5 4.8802
153 4.8693
153.5 4.8584
154 4.8476
154.5 4.8369
155 4.8262
155.5 4.8156
156 4.8051
156.5 4.7947
157 4.7843
157.5 4.7739
158 4.7636
158.5 4.7534
159 4.7433
159.5 4.7332
160 4.7232
160.5 4.7132
161 4.7033
161.5 4.6934
162 4.6836
162.5 4.6739
163 4.6642
163.5 4.6546
164 4.645
164.5 4.6355
165 4.6261
165.5 4.6167
166 4.6073
166.5 4.598
167 4.5888
167.5 4.5796
168 4.5705
168.5 4.5614
169 4.5524
169.5 4.5434
170 4.5344
170.5 4.5256
171 4.5167
171.5 4.508
172 4.4992
172.5 4.4906
173 4.4819
173.5 4.4733
174 4.4648
174.5 4.4563
175 4.4479
175.5 4.4395
176 4.4311
176.5 4.4228
177 4.4145
177.5 4.4063
178 4.3981
178.5 4.39
179 4.3819
179.5 4.3739
180 4.3659
180.5 4.3579
181 4.35
181.5 4.3421
182 4.3343
182.5 4.3265
183 4.3188
183.5 4.3111
184 4.3034
184.5 4.2958
185 4.2882
185.5 4.2806
186 4.2731
186.5 4.2656
187 4.2582
187.5 4.2508
188 4.2435
188.5 4.2361
189 4.2289
189.5 4.2216
190 4.2144
190.5 4.2072
191 4.2001
191.5 4.193
192 4.1859
192.5 4.1789
193 4.1719
193.5 4.165
194 4.158
194.5 4.1511
195 4.1443
195.5 4.1375
196 4.1307
196.5 4.1239
197 4.1172
197.5 4.1105
198 4.1039
198.5 4.0972
199 4.0906
199.5 4.0841
200 4.0776
200.5 4.0711
201 4.0646
201.5 4.0582
202 4.0518
202.5 4.0454
203 4.039
203.5 4.0327
204 4.0264
204.5 4.0202
205 4.014
205.5 4.0078
206 4.0016
206.5 3.9955
207 3.9894
207.5 3.9833
208 3.9772
208.5 3.9712
209 3.9652
209.5 3.9593
210 3.9533
210.5 3.9474
211 3.9415
211.5 3.9357
212 3.9298
212.5 3.924
213 3.9182
213.5 3.9125
214 3.9068
214.5 3.9011
215 3.8954
215.5 3.8898
216 3.8841
216.5 3.8785
217 3.873
217.5 3.8674
218 3.8619
218.5 3.8564
219 3.8509
219.5 3.8455
220 3.84
220.5 3.8346
221 3.8293
221.5 3.8239
222 3.8186
222.5 3.8133
223 3.808
223.5 3.8027
224 3.7975
224.5 3.7923
225 3.7871
225.5 3.7819
226 3.7768
226.5 3.7716
227 3.7665
227.5 3.7614
228 3.7564
228.5 3.7513
229 3.7463
229.5 3.7413
230 3.7364
230.5 3.7314
231 3.7265
231.5 3.7216
232 3.7167
232.5 3.7118
233 3.7069
233.5 3.7021
234 3.6973
234.5 3.6925
235 3.6877
235.5 3.683
236 3.6783
236.5 3.6735
237 3.6689
237.5 3.6642
238 3.6595
238.5 3.6549
239 3.6503
239.5 3.6457
240 3.6411
240.5 3.6366
241 3.632
241.5 3.6275
242 3.623
242.5 3.6185
243 3.614
243.5 3.6096
244 3.6051
244.5 3.6007
245 3.5963
245.5 3.592
246 3.5876
246.5 3.5833
247 3.5789
247.5 3.5746
248 3.5703
248.5 3.566
249 3.5618
249.5 3.5575
250 3.5533
250.5 3.5491
251 3.5449
251.5 3.5407
252 3.5366
252.5 3.5324
253 3.5283
253.5 3.5242
254 3.5201
254.5 3.516
255 3.512
255.5 3.5079
256 3.5039
256.5 3.4999
257 3.4959
257.5 3.4919
258 3.4879
258.5 3.4839
259 3.48
259.5 3.4761
260 3.4722
260.5 3.4683
261 3.4644
261.5 3.4605
262 3.4567
262.5 3.4528
263 3.449
263.5 3.4452
264 3.4414
264.5 3.4376
265 3.4338
265.5 3.4301
266 3.4263
266.5 3.4226
267 3.4189
267.5 3.4152
268 3.4115
268.5 3.4078
269 3.4042
269.5 3.4005
270 3.3969
270.5 3.3933
271 3.3897
271.5 3.3861
272 3.3825
272.5 3.3789
273 3.3754
273.5 3.3719
274 3.3683
274.5 3.3648
275 3.3613
275.5 3.3578
276 3.3543
276.5 3.3509
277 3.3474
277.5 3.344
278 3.3406
278.5 3.3372
279 3.3337
279.5 3.3303
280 3.327
280.5 3.3236
281 3.3202
281.5 3.3169
282 3.3136
282.5 3.3103
283 3.3069
283.5 3.3036
284 3.3004
284.5 3.2971
285 3.2938
285.5 3.2906
286 3.2873
286.5 3.2841
287 3.2809
287.5 3.2777
288 3.2745
288.5 3.2713
289 3.2681
289.5 3.265
290 3.2618
290.5 3.2587
291 3.2555
291.5 3.2524
292 3.2493
292.5 3.2462
293 3.2431
293.5 3.24
294 3.237
294.5 3.2339
295 3.2309
295.5 3.2278
296 3.2248
296.5 3.2218
297 3.2188
297.5 3.2158
298 3.2128
298.5 3.2098
299 3.2069
299.5 3.2039
300 3.201
300.5 3.198
301 3.1951
301.5 3.1922
302 3.1893
302.5 3.1864
303 3.1835
303.5 3.1806
304 3.1777
304.5 3.1749
305 3.172
305.5 3.1692
306 3.1664
306.5 3.1635
307 3.1607
307.5 3.1579
308 3.1551
308.5 3.1523
309 3.1495
309.5 3.1468
310 3.144
310.5 3.1413
311 3.1385
311.5 3.1358
312 3.1331
312.5 3.1304
313 3.1277
313.5 3.1249
314 3.1223
314.5 3.1196
315 3.1169
315.5 3.1142
316 3.1116
316.5 3.1089
317 3.1063
317.5 3.1037
318 3.101
318.5 3.0984
319 3.0958
319.5 3.0932
320 3.0906
320.5 3.0881
321 3.0855
321.5 3.0829
322 3.0804
322.5 3.0778
323 3.0753
323.5 3.0727
324 3.0702
324.5 3.0677
325 3.0652
325.5 3.0627
326 3.0602
326.5 3.0577
327 3.0552
327.5 3.0528
328 3.0503
328.5 3.0478
329 3.0454
329.5 3.0429
330 3.0405
330.5 3.0381
331 3.0357
331.5 3.0332
332 3.0308
332.5 3.0284
333 3.026
333.5 3.0237
334 3.0213
334.5 3.0189
335 3.0166
335.5 3.0142
336 3.0119
336.5 3.0095
337 3.0072
337.5 3.0049
338 3.0025
338.5 3.0002
339 2.9979
339.5 2.9956
340 2.9933
340.5 2.991
341 2.9888
341.5 2.9865
342 2.9842
342.5 2.982
343 2.9797
343.5 2.9775
344 2.9752
344.5 2.973
345 2.9708
345.5 2.9685
346 2.9663
346.5 2.9641
347 2.9619
347.5 2.9597
348 2.9576
348.5 2.9554
349 2.9532
349.5 2.951
350 2.9489
350.5 2.9467
351 2.9446
351.5 2.9424
352 2.9403
352.5 2.9381
353 2.936
353.5 2.9339
354 2.9318
354.5 2.9297
355 2.9276
355.5 2.9255
356 2.9234
356.5 2.9213
357 2.9192
357.5 2.9172
358 2.9151
358.5 2.9131
359 2.911
359.5 2.909
360 2.9069
360.5 2.9049
361 2.9028
361.5 2.9008
362 2.8988
362.5 2.8968
363 2.8948
363.5 2.8928
364 2.8908
364.5 2.8888
365 2.8868
365.5 2.8848
366 2.8829
366.5 2.8809
367 2.8789
367.5 2.877
368 2.875
368.5 2.8731
369 2.8711
369.5 2.8692
370 2.8672
370.5 2.8653
371 2.8634
371.5 2.8615
372 2.8596
372.5 2.8577
373 2.8558
373.5 2.8539
374 2.852
374.5 2.8501
375 2.8482
375.5 2.8464
376 2.8445
376.5 2.8426
377 2.8408
377.5 2.8389
378 2.8371
378.5 2.8352
379 2.8334
379.5 2.8315
380 2.8297
380.5 2.8279
381 2.8261
381.5 2.8243
382 2.8224
382.5 2.8206
383 2.8188
383.5 2.8171
384 2.8153
384.5 2.8135
385 2.8117
385.5 2.8099
386 2.8082
386.5 2.8064
387 2.8046
387.5 2.8029
388 2.8011
388.5 2.7994
389 2.7976
389.5 2.7959
390 2.7942
390.5 2.7924
391 2.7907
391.5 2.789
392 2.7873
392.5 2.7856
393 2.7838
393.5 2.7821
394 2.7804
394.5 2.7787
395 2.7771
395.5 2.7754
396 2.7737
396.5 2.772
397 2.7703
397.5 2.7687
398 2.767
398.5 2.7654
399 2.7637
399.5 2.7621
400 2.7604
