0 0
0.5 253.5544
1 175.3598
1.5 135.6841
2 111.9507
2.5 95.9028
3 83.9604
3.5 74.9902
4 68.1271
4.5 62.5813
5 57.8918
5.5 53.9181
6 50.5049
6.5 47.5389
7 44.9353
7.5 42.6506
8 40.5896
8.5 38.7383
9 37.0654
9.5 35.5456
10 34.1582
10.5 32.8863
11 31.7264
11.5 30.6434
12 29.6396
12.5 28.7066
13 27.8368
13.5 27.0238
14 26.262
14.5 25.5469
15 24.8739
15.5 24.2395
16 23.6405
16.5 23.0737
17 22.5364
17.5 22.0264
18 21.5417
18.5 21.0803
19 20.6405
19.5 20.2208
20 19.8199
20.5 19.4364
21 19.0693
21.5 18.7174
22 18.3798
22.5 18.0557
23 17.7442
23.5 17.4446
24 17.1562
24.5 16.8784
25 16.6105
25.5 16.3521
26 16.1027
26.5 15.8617
27 15.6287
27.5 15.4034
28 15.1854
28.5 14.9742
29 14.7696
29.5 14.5712
30 14.3789
30.5 14.1922
31 14.011
31.5 13.835
32 13.6639
32.5 13.4976
33 13.3359
33.5 13.1786
34 13.0254
34.5 12.8763
35 12.731
35.5 12.5895
36 12.4515
36.5 12.3169
37 12.1857
37.5 12.0576
38 11.9326
38.5 11.8106
39 11.6914
39.5 11.5749
40 11.4611
40.5 11.3499
41 11.241
41.5 11.1347
42 11.0306
42.5 10.9287
43 10.829
43.5 10.7315
44 10.6359
44.5 10.5423
45 10.4506
45.5 10.3607
46 10.2726
46.5 10.1863
47 10.1016
47.5 10.0185
48 9.9371
48.5 9.8572
49 9.7787
49.5 9.7017
50 9.6261
50.5 9.5519
51 9.479
51.5 9.4075
52 9.3372
52.5 9.268
53 9.2001
53.5 9.1334
54 9.0679
54.5 9.0034
55 8.94
55.5 8.8776
56 8.8162
56.5 8.7559
57 8.6965
57.5 8.6381
58 8.5806
58.5 8.524
59 8.4683
59.5 8.4134
60 8.3594
60.5 8.3063
61 8.2539
61.5 8.2023
62 8.1515
62.5 8.1014
63 8.052
63.5 8.0034
64 7.9554
64.5 7.9082
65 7.8616
65.5 7.8156
66 7.7704
66.5 7.7257
67 7.6817
67.5 7.6383
68 7.5954
68.5 7.5531
69 7.5114
69.5 7.4703
70 7.4297
70.5 7.3896
71 7.3501
71.5 7.311
72 7.2725
72.5 7.2344
73 7.1969
73.5 7.1598
74 7.1232
74.5 7.087
75 7.0513
75.5 7.016
76 6.9811
76.5 6.9467
77 6.9127
77.5 6.879
78 6.8458
78.5 6.813
79 6.7806
79.5 6.7485
80 6.7168
80.5 6.6855
81 6.6545
81.5 6.6239
82 6.5937
82.5 6.5637
83 6.5342
83.5 6.5049
84 6.476
84.5 6.4473
85 6.419
85.5 6.391
86 6.3633
86.5 6.3359
87 6.3088
87.5 6.282
88 6.2555
88.5 6.2292
89 6.2033
89.5 6.1776
90 6.1521
90.5 6.1269
91 6.102
91.5 6.0773
92 6.0529
92.5 6.0287
93 6.0048
93.5 5.9811
94 5.9577
94.5 5.9344
95 5.9114
95.5 5.8887
96 5.8661
96.5 5.8438
97 5.8217
97.5 5.7998
98 5.7781
98.5 5.7566
99 5.7353
99.5 5.7142
100 5.6933
100.5 5.6726
101 5.6521
101.5 5.6318
102 5.6116
102.5 5.5917
103 5.5719
103.5 5.5523
104 5.5329
104.5 5.5137
105 5.4946
105.5 5.4757
106 5.457
106.5 5.4384
107 5.42
107.5 5.4018
108 5.3837
108.5 5.3658
109 5.348
109.5 5.3304
110 5.3129
110.5 5.2956
111 5.2784
111.5 5.2613
112 5.2445
112.5 5.2277
113 5.2111
113.5 5.1946
114 5.1783
114.5 5.1621
115 5.146
115.5 5.1301
116 5.1143
116.5 5.0986
117 5.083
117.5 5.0676
118 5.0523
118.5 5.0371
119 5.022
119.5 5.0071
120 4.9922
120.5 4.9775
121 4.9629
121.5 4.9484
122 4.934
122.5 4.9198
123 4.9056
123.5 4.8915
124 4.8776
124.5 4.8638
125 4.85
125.5 4.8364
126 4.8229
126.5 4.8094
127 4.7961
127.5 4.7829
128 4.7697
128.5 4.7567
129 4.7438
129.5 4.7309
130 4.7181
130.5 4.7055
131 4.6929
131.5 4.6804
132 4.668
132.5 4.6557
133 4.6435
133.5 4.6314
134 4.6193
134.5 4.6074
135 4.5955
135.5 4.5837
136 4.572
136.5 4.5604
137 4.5488
137.5 4.5374
138 4.526
138.5 4.5146
139 4.5034
139.5 4.4923
140 4.4812
140.5 4.4702
141 4.4592
141.5 4.4484
142 4.4376
142.5 4.4268
143 4.4162
143.5 4.4056
144 4.3951
144.5 4.3847
145 4.3743
145.5 4.364
146 4.3538
146.5 4.3436
147 4.3335
147.5 4.3234
148 4.3135
148.5 4.3035
149 4.2937
149.5 4.2839
150 4.2742
150.5 4.2645
151 4.2549
151.5 4.2454
152 4.2359
152.5 4.2265
153 4.2171
153.5 4.2078
154 4.1986
154.5 4.1894
155 4.1802
155.5 4.1711
156 4.1621
156.5 4.1531
157 4.1442
157.5 4.1354
158 4.1266
158.5 4.1178
159 4.1091
159.5 4.1004
160 4.0918
160.5 4.0833
161 4.0748
161.5 4.0663
162 4.0579
162.5 4.0496
163 4.0413
163.5 4.033
164 4.0248
164.5 4.0167
165 4.0086
165.5 4.0005
166 3.9925
166.5 3.9845
167 3.9766
167.5 3.9687
168 3.9609
168.5 3.9531
169 3.9453
169.5 3.9376
170 3.93
170.5 3.9224
171 3.9148
171.5 3.9073
172 3.8998
172.5 3.8923
173 3.8849
173.5 3.8775
174 3.8702
174.5 3.8629
175 3.8557
175.5 3.8485
176 3.8413
176.5 3.8342
177 3.8271
177.5 3.82
178 3.813
178.5 3.806
179 3.7991
179.5 3.7922
180 3.7853
180.5 3.7785
181 3.7717
181.5 3.765
182 3.7582
182.5 3.7515
183 3.7449
183.5 3.7383
184 3.7317
184.5 3.7251
185 3.7186
185.5 3.7121
186 3.7057
186.5 3.6993
187 3.6929
187.5 3.6866
188 3.6802
188.5 3.674
189 3.6677
189.5 3.6615
190 3.6553
190.5 3.6491
191 3.643
191.5 3.6369
192 3.6309
192.5 3.6248
193 3.6188
193.5 3.6128
194 3.6069
194.5 3.601
195 3.5951
195.5 3.5892
196 3.5834
196.5 3.5776
197 3.5718
197.5 3.5661
198 3.5604
198.5 3.5547
199 3.549
199.5 3.5434
200 3.5378
200.5 3.5322
201 3.5267
201.5 3.5211
202 3.5156
202.5 3.5102
203 3.5047
203.5 3.4993
204 3.4939
204.5 3.4885
205 3.4832
205.5 3.4779
206 3.4726
206.5 3.4673
207 3.462
207.5 3.4568
208 3.4516
208.5 3.4465
209 3.4413
209.5 3.4362
210 3.4311
210.5 3.426
211 3.4209
211.5 3.4159
212 3.4109
212.5 3.4059
213 3.4009
213.5 3.396
214 3.3911
214.5 3.3862
215 3.3813
215.5 3.3765
216 3.3716
216.5 3.3668
217 3.362
217.5 3.3573
218 3.3525
218.5 3.3478
219 3.3431
219.5 3.3384
220 3.3338
220.5 3.3291
221 3.3245
221.5 3.3199
222 3.3153
222.5 3.3108
223 3.3062
223.5 3.3017
224 3.2972
224.5 3.2927
225 3.2882
225.5 3.2838
226 3.2794
226.5 3.275
227 3.2706
227.5 3.2662
228 3.2619
228.5 3.2575
229 3.2532
229.5 3.2489
230 3.2447
230.5 3.2404
231 3.2362
231.5 3.2319
232 3.2277
232.5 3.2235
233 3.2194
233.5 3.2152
234 3.2111
234.5 3.207
235 3.2029
235.5 3.1988
236 3.1947
236.5 3.1907
237 3.1866
237.5 3.1826
238 3.1786
238.5 3.1746
239 3.1707
239.5 3.1667
240 3.1628
240.5 3.1589
241 3.155
241.5 3.1511
242 3.1472
242.5 3.1433
243 3.1395
243.5 3.1357
244 3.1319
244.5 3.1281
245 3.1243
245.5 3.1205
246 3.1168
246.5 3.113
247 3.1093
247.5 3.1056
248 3.1019
248.5 3.0982
249 3.0946
249.5 3.0909
250 3.0873
250.5 3.0837
251 3.0801
251.5 3.0765
252 3.0729
252.5 3.0693
253 3.0658
253.5 3.0623
254 3.0587
254.5 3.0552
255 3.0517
255.5 3.0483
256 3.0448
256.5 3.0413
257 3.0379
257.5 3.0345
258 3.031
258.5 3.0276
259 3.0243
259.5 3.0209
260 3.0175
260.5 3.0142
261 3.0108
261.5 3.0075
262 3.0042
262.5 3.0009
263 2.9976
263.5 2.9943
264 2.991
264.5 2.9878
265 2.9846
265.5 2.9813
266 2.9781
266.5 2.9749
267 2.9717
267.5 2.9685
268 2.9654
268.5 2.9622
269 2.9591
269.5 2.9559
270 2.9528
270.5 2.9497
271 2.9466
271.5 2.9435
272 2.9404
272.5 2.9373
273 2.9343
273.5 2.9312
274 2.9282
274.5 2.9252
275 2.9222
275.5 2.9192
276 2.9162
276.5 2.9132
277 2.9102
277.5 2.9073
278 2.9043
278.5 2.9014
279 2.8985
279.5 2.8955
280 2.8926
280.5 2.8897
281 2.8869
281.5 2.884
282 2.8811
282.5 2.8783
283 2.8754
283.5 2.8726
284 2.8698
284.5 2.8669
285 2.8641
285.5 2.8613
286 2.8585
286.5 2.8558
287 2.853
287.5 2.8502
288 2.8475
288.5 2.8447
289 2.842
289.5 2.8393
290 2.8366
290.5 2.8339
291 2.8312
291.5 2.8285
292 2.8258
292.5 2.8232
293 2.8205
293.5 2.8179
294 2.8152
294.5 2.8126
295 2.81
295.5 2.8074
296 2.8048
296.5 2.8022
297 2.7996
297.5 2.797
298 2.7944
298.5 2.7919
299 2.7893
299.5 2.7868
300 2.7842
300.5 2.7817
301 2.7792
301.5 2.7767
302 2.7742
302.5 2.7717
303 2.7692
303.5 2.7667
304 2.7643
304.5 2.7618
305 2.7593
305.5 2.7569
306 2.7545
306.5 2.752
307 2.7496
307.5 2.7472
308 2.7448
308.5 2.7424
309 2.74
309.5 2.7376
310 2.7352
310.5 2.7329
311 2.7305
311.5 2.7282
312 2.7258
312.5 2.7235
313 2.7212
313.5 2.7188
314 2.7165
314.5 2.7142
315 2.7119
315.5 2.7096
316 2.7073
316.5 2.705
317 2.7028
317.5 2.7005
318 2.6983
318.5 2.696
319 2.6938
319.5 2.6915
320 2.6893
320.5 2.6871
321 2.6849
321.5 2.6827
322 2.6805
322.5 2.6783
323 2.6761
323.5 2.6739
324 2.6717
324.5 2.6696
325 2.6674
325.5 2.6652
326 2.6631
326.5 2.661
327 2.6588
327.5 2.6567
328 2.6546
328.5 2.6525
329 2.6503
329.5 2.6482
330 2.6461
330.5 2.6441
331 2.642
331.5 2.6399
332 2.6378
332.5 2.6358
333 2.6337
333.5 2.6317
334 2.6296
334.5 2.6276
335 2.6255
335.5 2.6235
336 2.6215
336.5 2.6195
337 2.6175
337.5 2.6155
338 2.6135
338.5 2.6115
339 2.6095
339.5 2.6075
340 2.6056
340.5 2.6036
341 2.6016
341.5 2.5997
342 2.5977
342.5 2.5958
343 2.5938
343.5 2.5919
344 2.59
344.5 2.5881
345 2.5861
345.5 2.5842
346 2.5823
346.5 2.5804
347 2.5785
347.5 2.5766
348 2.5748
348.5 2.5729
349 2.571
349.5 2.5692
350 2.5673
350.5 2.5654
351 2.5636
351.5 2.5617
352 2.5599
352.5 2.5581
353 2.5562
353.5 2.5544
354 2.5526
354.5 2.5508
355 2.549
355.5 2.5472
356 2.5454
356.5 2.5436
357 2.5418
357.5 2.54
358 2.5382
358.5 2.5365
359 2.5347
359.5 2.5329
360 2.5312
360.5 2.5294
361 2.5277
361.5 2.5259
362 2.5242
362.5 2.5225
363 2.5207
363.5 2.519
364 2.5173
364.5 2.5156
365 2.5139
365.5 2.5122
366 2.5105
366.5 2.5088
367 2.5071
367.5 2.5054
368 2.5037
368.5 2.502
369 2.5004
369.5 2.4987
370 2.497
370.5 2.4954
371 2.4937
371.5 2.4921
372 2.4904
372.5 2.4888
373 2.4872
373.5 2.4855
374 2.4839
374.5 2.4823
375 2.4807
375.5 2.4791
376 2.4774
376.5 2.4758
377 2.4742
377.5 2.4726
378 2.4711
378.5 2.4695
379 2.4679
379.5 2.4663
380 2.4647
380.5 2.4632
381 2.4616
381.5 2.46
382 2.4585
382.5 2.4569
383 2.4554
383.5 2.4538
384 2.4523
384.5 2.4508
385 2.4492
385.5 2.4477
386 2.4462
386.5 2.4447
387 2.4431
387.5 2.4416
388 2.4401
388.5 2.4386
389 2.4371
389.5 2.4356
390 2.4341
390.5 2.4326
391 2.4311
391.5 2.4297
392 2.4282
392.5 2.4267
393 2.4253
393.5 2.4238
394 2.4223
394.5 2.4209
395 2.4194
395.5 2.418
396 2.4165
396.5 2.4151
397 2.4136
397.5 2.4122
398 2.4108
398.5 2.4093
399 2.4079
399.5 2.4065
400 2.4051
