0 0
0.5 369.2077
1 239.0073
1.5 180.2333
2 146.5357
2.5 124.2966
3 108.033
3.5 95.9497
4 86.7733
4.5 79.4094
5 73.2235
5.5 68.0085
6 63.5486
6.5 59.6876
7 56.3096
7.5 53.3533
8 50.6945
8.5 48.3119
9 46.1638
9.5 44.2161
10 42.4414
10.5 40.8172
11 39.338
11.5 37.9593
12 36.6834
12.5 35.4989
13 34.3959
13.5 33.3663
14 32.4026
14.5 31.4988
15 30.6491
15.5 29.8489
16 29.094
16.5 28.3803
17 27.7043
17.5 27.0633
18 26.4543
18.5 25.8752
19 25.3235
19.5 24.7974
20 24.2952
20.5 23.8151
21 23.3557
21.5 22.9157
22 22.4938
22.5 22.089
23 21.7001
23.5 21.3263
24 20.9666
24.5 20.6203
25 20.2865
25.5 19.9647
26 19.6542
26.5 19.3543
27 19.0645
27.5 18.7843
28 18.5134
28.5 18.251
29 17.9969
29.5 17.7507
30 17.5119
30.5 17.2804
31 17.0557
31.5 16.8374
32 16.6255
32.5 16.4194
33 16.2191
33.5 16.0244
34 15.8348
34.5 15.6503
35 15.4705
35.5 15.2955
36 15.1249
36.5 14.9586
37 14.7964
37.5 14.6382
38 14.4838
38.5 14.3331
39 14.186
39.5 14.0422
40 13.9018
40.5 13.7646
41 13.6303
41.5 13.4992
42 13.3709
42.5 13.2453
43 13.1225
43.5 13.0023
44 12.8846
44.5 12.7693
45 12.6564
45.5 12.5457
46 12.4373
46.5 12.3311
47 12.2269
47.5 12.1247
48 12.0246
48.5 11.9263
49 11.8298
49.5 11.7351
50 11.6423
50.5 11.5511
51 11.4616
51.5 11.3737
52 11.2873
52.5 11.2024
53 11.1191
53.5 11.0372
54 10.9567
54.5 10.8776
55 10.7998
55.5 10.7232
56 10.6479
56.5 10.574
57 10.5012
57.5 10.4295
58 10.359
58.5 10.2897
59 10.2214
59.5 10.1541
60 10.088
60.5 10.0229
61 9.9587
61.5 9.8955
62 9.8333
62.5 9.7719
63 9.7114
63.5 9.6519
64 9.5932
64.5 9.5354
65 9.4784
65.5 9.4222
66 9.3668
66.5 9.3122
67 9.2583
67.5 9.2052
68 9.1528
68.5 9.1011
69 9.0501
69.5 8.9998
70 8.9502
70.5 8.9012
71 8.8528
71.5 8.8051
72 8.758
72.5 8.7116
73 8.6657
73.5 8.6204
74 8.5756
74.5 8.5314
75 8.4878
75.5 8.4447
76 8.4022
76.5 8.3601
77 8.3186
77.5 8.2776
78 8.237
78.5 8.197
79 8.1574
79.5 8.1183
80 8.0796
80.5 8.0414
81 8.0036
81.5 7.9663
82 7.9294
82.5 7.8929
83 7.8568
83.5 7.8211
84 7.7858
84.5 7.7509
85 7.7164
85.5 7.6823
86 7.6486
86.5 7.6152
87 7.5821
87.5 7.5495
88 7.5171
88.5 7.4851
89 7.4535
89.5 7.4222
90 7.3912
90.5 7.3605
91 7.3301
91.5 7.3001
92 7.2704
92.5 7.2409
93 7.2118
93.5 7.1829
94 7.1544
94.5 7.1261
95 7.0981
95.5 7.0704
96 7.0429
96.5 7.0158
97 6.9888
97.5 6.9622
98 6.9358
98.5 6.9096
99 6.8837
99.5 6.8581
100 6.8326
100.5 6.8075
101 6.7825
101.5 6.7578
102 6.7333
102.5 6.7091
103 6.685
103.5 6.6612
104 6.6376
104.5 6.6142
105 6.591
105.5 6.5681
106 6.5453
106.5 6.5227
107 6.5003
107.5 6.4782
108 6.4562
108.5 6.4344
109 6.4128
109.5 6.3914
110 6.3701
110.5 6.3491
111 6.3282
111.5 6.3075
112 6.287
112.5 6.2667
113 6.2465
113.5 6.2265
114 6.2066
114.5 6.1869
115 6.1674
115.5 6.1481
116 6.1289
116.5 6.1098
117 6.0909
117.5 6.0722
118 6.0536
118.5 6.0351
119 6.0168
119.5 5.9987
120 5.9807
120.5 5.9628
121 5.9451
121.5 5.9275
122 5.91
122.5 5.8927
123 5.8755
123.5 5.8585
124 5.8416
124.5 5.8248
125 5.8081
125.5 5.7916
126 5.7752
126.5 5.7589
127 5.7427
127.5 5.7266
128 5.7107
128.5 5.6949
129 5.6792
129.5 5.6636
130 5.6481
130.5 5.6328
131 5.6175
131.5 5.6024
132 5.5874
132.5 5.5725
133 5.5576
133.5 5.5429
134 5.5283
134.5 5.5138
135 5.4994
135.5 5.4851
136 5.4709
136.5 5.4568
137 5.4428
137.5 5.4289
138 5.4151
138.5 5.4014
139 5.3878
139.5 5.3743
140 5.3608
140.5 5.3475
141 5.3342
141.5 5.3211
142 5.308
142.5 5.295
143 5.2821
143.5 5.2693
144 5.2566
144.5 5.2439
145 5.2313
145.5 5.2189
146 5.2065
146.5 5.1941
147 5.1819
147.5 5.1697
148 5.1576
148.5 5.1456
149 5.1337
149.5 5.1219
150 5.1101
150.5 5.0984
151 5.0867
151.5 5.0752
152 5.0637
152.5 5.0523
153 5.041
153.5 5.0297
154 5.0185
154.5 5.0074
155 4.9963
155.5 4.9853
156 4.9744
156.5 4.9635
157 4.9527
157.5 4.942
158 4.9313
158.5 4.9207
159 4.9102
159.5 4.8997
160 4.8893
160.5 4.879
161 4.8687
161.5 4.8585
162 4.8483
162.5 4.8382
163 4.8281
163.5 4.8182
164 4.8082
164.5 4.7984
165 4.7885
165.5 4.7788
166 4.7691
166.5 4.7594
167 4.7499
167.5 4.7403
168 4.7308
168.5 4.7214
169 4.712
169.5 4.7027
170 4.6935
170.5 4.6842
171 4.6751
171.5 4.666
172 4.6569
172.5 4.6479
173 4.6389
173.5 4.63
174 4.6212
174.5 4.6124
175 4.6036
175.5 4.5949
176 4.5862
176.5 4.5776
177 4.569
177.5 4.5605
178 4.552
178.5 4.5436
179 4.5352
179.5 4.5268
180 4.5185
180.5 4.5103
181 4.5021
181.5 4.4939
182 4.4858
182.5 4.4777
183 4.4696
183.5 4.4616
184 4.4537
184.5 4.4458
185 4.4379
185.5 4.4301
186 4.4223
186.5 4.4145
187 4.4068
187.5 4.3991
188 4.3915
188.5 4.3839
189 4.3763
189.5 4.3688
190 4.3613
190.5 4.3539
191 4.3465
191.5 4.3391
192 4.3318
192.5 4.3245
193 4.3173
193.5 4.31
194 4.3028
194.5 4.2957
195 4.2886
195.5 4.2815
196 4.2745
196.5 4.2675
197 4.2605
197.5 4.2535
198 4.2466
198.5 4.2398
199 4.2329
199.5 4.2261
200 4.2194
200.5 4.2126
201 4.2059
201.5 4.1992
202 4.1926
202.5 4.186
203 4.1794
203.5 4.1728
204 4.1663
204.5 4.1598
205 4.1534
205.5 4.147
206 4.1406
206.5 4.1342
207 4.1279
207.5 4.1216
208 4.1153
208.5 4.109
209 4.1028
209.5 4.0966
210 4.0905
210.5 4.0843
211 4.0782
211.5 4.0721
212 4.0661
212.5 4.0601
213 4.0541
213.5 4.0481
214 4.0422
214.5 4.0363
215 4.0304
215.5 4.0245
216 4.0187
216.5 4.0129
217 4.0071
217.5 4.0013
218 3.9956
218.5 3.9899
219 3.9842
219.5 3.9786
220 3.9729
220.5 3.9674
221 3.9618
221.5 3.9562
222 3.9507
222.5 3.9452
223 3.9397
223.5 3.9342
224 3.9288
224.5 3.9234
225 3.918
225.5 3.9126
226 3.9073
226.5 3.902
227 3.8967
227.5 3.8914
228 3.8862
228.5 3.8809
229 3.8757
229.5 3.8706
230 3.8654
230.5 3.8603
231 3.8551
231.5 3.85
232 3.845
232.5 3.8399
233 3.8349
233.5 3.8299
234 3.8249
234.5 3.8199
235 3.815
235.5 3.81
236 3.8051
236.5 3.8002
237 3.7954
237.5 3.7905
238 3.7857
238.5 3.7809
239 3.7761
239.5 3.7713
240 3.7666
240.5 3.7619
241 3.7572
241.5 3.7525
242 3.7478
242.5 3.7431
243 3.7385
243.5 3.7339
244 3.7293
244.5 3.7247
245 3.7202
245.5 3.7156
246 3.7111
246.5 3.7066
247 3.7021
247.5 3.6976
248 3.6932
248.5 3.6887
249 3.6843
249.5 3.6799
250 3.6755
250.5 3.6712
251 3.6668
251.5 3.6625
252 3.6582
252.5 3.6539
253 3.6496
253.5 3.6453
254 3.6411
254.5 3.6369
255 3.6326
255.5 3.6284
256 3.6243
256.5 3.6201
257 3.6159
257.5 3.6118
258 3.6077
258.5 3.6036
259 3.5995
259.5 3.5954
260 3.5914
260.5 3.5873
261 3.5833
261.5 3.5793
262 3.5753
262.5 3.5713
263 3.5673
263.5 3.5634
264 3.5594
264.5 3.5555
265 3.5516
265.5 3.5477
266 3.5438
266.5 3.54
267 3.5361
267.5 3.5323
268 3.5285
268.5 3.5247
269 3.5209
269.5 3.5171
270 3.5133
270.5 3.5096
271 3.5058
271.5 3.5021
272 3.4984
272.5 3.4947
273 3.491
273.5 3.4873
274 3.4837
274.5 3.48
275 3.4764
275.5 3.4728
276 3.4692
276.5 3.4656
277 3.462
277.5 3.4584
278 3.4549
278.5 3.4513
279 3.4478
279.5 3.4443
280 3.4408
280.5 3.4373
281 3.4338
281.5 3.4303
282 3.4269
282.5 3.4234
283 3.42
283.5 3.4166
284 3.4132
284.5 3.4098
285 3.4064
285.5 3.403
286 3.3997
286.5 3.3963
287 3.393
287.5 3.3897
288 3.3863
288.5 3.383
289 3.3798
289.5 3.3765
290 3.3732
290.5 3.37
291 3.3667
291.5 3.3635
292 3.3602
292.5 3.357
293 3.3538
293.5 3.3506
294 3.3475
294.5 3.3443
295 3.3411
295.5 3.338
296 3.3348
296.5 3.3317
297 3.3286
297.5 3.3255
298 3.3224
298.5 3.3193
299 3.3162
299.5 3.3132
300 3.3101
300.5 3.3071
301 3.304
301.5 3.301
302 3.298
302.5 3.295
303 3.292
303.5 3.289
304 3.286
304.5 3.2831
305 3.2801
305.5 3.2772
306 3.2742
306.5 3.2713
307 3.2684
307.5 3.2655
308 3.2626
308.5 3.2597
309 3.2568
309.5 3.2539
310 3.2511
310.5 3.2482
311 3.2454
311.5 3.2425
312 3.2397
312.5 3.2369
313 3.2341
313.5 3.2313
314 3.2285
314.5 3.2257
315 3.2229
315.5 3.2202
316 3.2174
316.5 3.2147
317 3.2119
317.5 3.2092
318 3.2065
318.5 3.2038
319 3.2011
319.5 3.1984
320 3.1957
320.5 3.193
321 3.1904
321.5 3.1877
322 3.185
322.5 3.1824
323 3.1798
323.5 3.1771
324 3.1745
324.5 3.1719
325 3.1693
325.5 3.1667
326 3.1641
326.5 3.1615
327 3.159
327.5 3.1564
328 3.1539
328.5 3.1513
329 3.1488
329.5 3.1462
330 3.1437
330.5 3.1412
331 3.1387
331.5 3.1362
332 3.1337
332.5 3.1312
333 3.1287
333.5 3.1263
334 3.1238
334.5 3.1213
335 3.1189
335.5 3.1164
336 3.114
336.5 3.1116
337 3.1092
337.5 3.1067
338 3.1043
338.5 3.1019
339 3.0995
339.5 3.0972
340 3.0948
340.5 3.0924
341 3.0901
341.5 3.0877
342 3.0854
342.5 3.083
343 3.0807
343.5 3.0783
344 3.076
344.5 3.0737
345 3.0714
345.5 3.0691
346 3.0668
346.5 3.0645
347 3.0622
347.5 3.06
348 3.0577
348.5 3.0554
349 3.0532
349.5 3.0509
350 3.0487
350.5 3.0465
351 3.0442
351.5 3.042
352 3.0398
352.5 3.0376
353 3.0354
353.5 3.0332
354 3.031
354.5 3.0288
355 3.0266
355.5 3.0245
356 3.0223
356.5 3.0201
357 3.018
357.5 3.0158
358 3.0137
358.5 3.0116
359 3.0094
359.5 3.0073
360 3.0052
360.5 3.0031
361 3.001
361.5 2.9989
362 2.9968
362.5 2.9947
363 2.9926
363.5 2.9905
364 2.9885
364.5 2.9864
365 2.9843
365.5 2.9823
366 2.9802
366.5 2.9782
367 2.9762
367.5 2.9741
368 2.9721
368.5 2.9701
369 2.9681
369.5 2.9661
370 2.9641
370.5 2.9621
371 2.9601
371.5 2.9581
372 2.9561
372.5 2.9541
373 2.9522
373.5 2.9502
374 2.9482
374.5 2.9463
375 2.9443
375.5 2.9424
376 2.9405
376.5 2.9385
377 2.9366
377.5 2.9347
378 2.9328
378.5 2.9308
379 2.9289
379.5 2.927
380 2.9251
380.5 2.9232
381 2.9214
381.5 2.9195
382 2.9176
382.5 2.9157
383 2.9139
383.5 2.912
384 2.9102
384.5 2.9083
385 2.9065
385.5 2.9046
386 2.9028
386.5 2.9009
387 2.8991
387.5 2.8973
388 2.8955
388.5 2.8937
389 2.8919
389.5 2.8901
390 2.8883
390.5 2.8865
391 2.8847
391.5 2.8829
392 2.8811
392.5 2.8793
393 2.8776
393.5 2.8758
394 2.874
394.5 2.8723
395 2.8705
395.5 2.8688
396 2.8671
396.5 2.8653
397 2.8636
397.5 2.8618
398 2.8601
398.5 2.8584
399 2.8567
399.5 2.855
400 2.8533
