0 0
0.5 436.0915
1 275.0738
1.5 205.2095
2 165.7885
2.5 140.0203
3 121.3088
3.5 107.4696
4 96.9925
4.5 88.6094
5 81.5873
5.5 75.6804
6 70.6383
6.5 66.2805
7 62.4734
7.5 59.1455
8 56.1566
8.5 53.481
9 51.071
9.5 48.8879
10 46.9004
10.5 45.0828
11 43.4285
11.5 41.8879
12 40.4629
12.5 39.1409
13 37.9106
13.5 36.7626
14 35.6887
14.5 34.682
15 33.7361
15.5 32.8457
16 32.0059
16.5 31.2123
17 30.461
17.5 29.7487
18 29.0724
18.5 28.4293
19 27.8169
19.5 27.2332
20 26.6761
20.5 26.1437
21 25.6344
21.5 25.1467
22 24.6792
22.5 24.2307
23 23.8
23.5 23.3861
24 22.9879
24.5 22.6046
25 22.2353
25.5 21.8793
26 21.5358
26.5 21.2042
27 20.8838
27.5 20.5741
28 20.2747
28.5 19.9847
29 19.704
29.5 19.432
30 19.1684
30.5 18.9127
31 18.6646
31.5 18.4237
32 18.1897
32.5 17.9623
33 17.7413
33.5 17.5264
34 17.3173
34.5 17.1138
35 16.9156
35.5 16.7226
36 16.5345
36.5 16.3512
37 16.1724
37.5 15.998
38 15.8279
38.5 15.6618
39 15.4998
39.5 15.3414
40 15.1867
40.5 15.0356
41 14.8878
41.5 14.7434
42 14.6021
42.5 14.4639
43 14.3287
43.5 14.1964
44 14.0669
44.5 13.94
45 13.8157
45.5 13.694
46 13.5747
46.5 13.4579
47 13.3433
47.5 13.2309
48 13.1208
48.5 13.0127
49 12.9066
49.5 12.8025
50 12.7005
50.5 12.6002
51 12.5018
51.5 12.4052
52 12.3103
52.5 12.217
53 12.1255
53.5 12.0354
54 11.947
54.5 11.8601
55 11.7746
55.5 11.6906
56 11.6079
56.5 11.5266
57 11.4467
57.5 11.368
58 11.2906
58.5 11.2144
59 11.1395
59.5 11.0656
60 10.993
60.5 10.9215
61 10.8511
61.5 10.7817
62 10.7134
62.5 10.6461
63 10.5797
63.5 10.5145
64 10.45
64.5 10.3866
65 10.324
65.5 10.2624
66 10.2016
66.5 10.1417
67 10.0826
67.5 10.0243
68 9.9669
68.5 9.9102
69 9.8543
69.5 9.7991
70 9.7447
70.5 9.691
71 9.638
71.5 9.5857
72 9.534
72.5 9.4831
73 9.4328
73.5 9.3831
74 9.334
74.5 9.2856
75 9.2378
75.5 9.1906
76 9.1439
76.5 9.0979
77 9.0524
77.5 9.0074
78 8.963
78.5 8.9191
79 8.8757
79.5 8.8329
80 8.7905
80.5 8.7486
81 8.7073
81.5 8.6664
82 8.6259
82.5 8.586
83 8.5464
83.5 8.5074
84 8.4687
84.5 8.4305
85 8.3927
85.5 8.3554
86 8.3184
86.5 8.2818
87 8.2457
87.5 8.2099
88 8.1745
88.5 8.1395
89 8.1048
89.5 8.0705
90 8.0366
90.5 8.003
91 7.9698
91.5 7.9369
92 7.9044
92.5 7.8721
93 7.8402
93.5 7.8087
94 7.7774
94.5 7.7465
95 7.7158
95.5 7.6855
96 7.6555
96.5 7.6257
97 7.5963
97.5 7.5671
98 7.5382
98.5 7.5096
99 7.4813
99.5 7.4532
100 7.4254
100.5 7.3978
101 7.3705
101.5 7.3435
102 7.3167
102.5 7.2902
103 7.2639
103.5 7.2379
104 7.212
104.5 7.1864
105 7.1611
105.5 7.136
106 7.1111
106.5 7.0864
107 7.0619
107.5 7.0377
108 7.0136
108.5 6.9898
109 6.9662
109.5 6.9428
110 6.9196
110.5 6.8965
111 6.8737
111.5 6.8511
112 6.8287
112.5 6.8064
113 6.7843
113.5 6.7625
114 6.7408
114.5 6.7193
115 6.6979
115.5 6.6768
116 6.6558
116.5 6.635
117 6.6143
117.5 6.5938
118 6.5735
118.5 6.5533
119 6.5334
119.5 6.5135
120 6.4938
120.5 6.4743
121 6.4549
121.5 6.4357
122 6.4166
122.5 6.3977
123 6.3789
123.5 6.3603
124 6.3418
124.5 6.3235
125 6.3053
125.5 6.2872
126 6.2693
126.5 6.2515
127 6.2338
127.5 6.2162
128 6.1988
128.5 6.1816
129 6.1644
129.5 6.1474
130 6.1305
130.5 6.1137
131 6.0971
131.5 6.0805
132 6.0641
132.5 6.0478
133 6.0316
133.5 6.0156
134 5.9996
134.5 5.9838
135 5.9681
135.5 5.9524
136 5.9369
136.5 5.9215
137 5.9063
137.5 5.8911
138 5.876
138.5 5.861
139 5.8461
139.5 5.8314
140 5.8167
140.5 5.8021
141 5.7877
141.5 5.7733
142 5.759
142.5 5.7448
143 5.7307
143.5 5.7167
144 5.7028
144.5 5.689
145 5.6753
145.5 5.6617
146 5.6481
146.5 5.6347
147 5.6213
147.5 5.6081
148 5.5949
148.5 5.5817
149 5.5687
149.5 5.5558
150 5.5429
150.5 5.5302
151 5.5175
151.5 5.5049
152 5.4923
152.5 5.4799
153 5.4675
153.5 5.4552
154 5.443
154.5 5.4308
155 5.4187
155.5 5.4067
156 5.3948
156.5 5.383
157 5.3712
157.5 5.3595
158 5.3478
158.5 5.3363
159 5.3248
159.5 5.3133
160 5.302
160.5 5.2907
161 5.2795
161.5 5.2683
162 5.2572
162.5 5.2462
163 5.2352
163.5 5.2243
164 5.2135
164.5 5.2027
165 5.192
165.5 5.1814
166 5.1708
166.5 5.1603
167 5.1498
167.5 5.1394
168 5.1291
168.5 5.1188
169 5.1086
169.5 5.0984
170 5.0883
170.5 5.0782
171 5.0682
171.5 5.0583
172 5.0484
172.5 5.0386
173 5.0288
173.5 5.0191
174 5.0094
174.5 4.9998
175 4.9902
175.5 4.9807
176 4.9713
176.5 4.9619
177 4.9525
177.5 4.9432
178 4.934
178.5 4.9248
179 4.9156
179.5 4.9065
180 4.8974
180.5 4.8884
181 4.8795
181.5 4.8706
182 4.8617
182.5 4.8529
183 4.8441
183.5 4.8354
184 4.8267
184.5 4.8181
185 4.8095
185.5 4.801
186 4.7925
186.5 4.784
187 4.7756
187.5 4.7672
188 4.7589
188.5 4.7506
189 4.7424
189.5 4.7342
190 4.726
190.5 4.7179
191 4.7098
191.5 4.7018
192 4.6938
192.5 4.6859
193 4.6779
193.5 4.6701
194 4.6622
194.5 4.6544
195 4.6467
195.5 4.639
196 4.6313
196.5 4.6237
197 4.616
197.5 4.6085
198 4.601
198.5 4.5935
199 4.586
199.5 4.5786
200 4.5712
200.5 4.5638
201 4.5565
201.5 4.5493
202 4.542
202.5 4.5348
203 4.5276
203.5 4.5205
204 4.5134
204.5 4.5063
205 4.4993
205.5 4.4923
206 4.4853
206.5 4.4784
207 4.4715
207.5 4.4646
208 4.4577
208.5 4.4509
209 4.4441
209.5 4.4374
210 4.4307
210.5 4.424
211 4.4173
211.5 4.4107
212 4.4041
212.5 4.3976
213 4.391
213.5 4.3845
214 4.378
214.5 4.3716
215 4.3652
215.5 4.3588
216 4.3524
216.5 4.3461
217 4.3398
217.5 4.3335
218 4.3273
218.5 4.3211
219 4.3149
219.5 4.3087
220 4.3026
220.5 4.2965
221 4.2904
221.5 4.2844
222 4.2783
222.5 4.2723
223 4.2664
223.5 4.2604
224 4.2545
224.5 4.2486
225 4.2427
225.5 4.2369
226 4.2311
226.5 4.2253
227 4.2195
227.5 4.2137
228 4.208
228.5 4.2023
229 4.1967
229.5 4.191
230 4.1854
230.5 4.1798
231 4.1742
231.5 4.1686
232 4.1631
232.5 4.1576
233 4.1521
233.5 4.1467
234 4.1412
234.5 4.1358
235 4.1304
235.5 4.1251
236 4.1197
236.5 4.1144
237 4.1091
237.5 4.1038
238 4.0985
238.5 4.0933
239 4.0881
239.5 4.0829
240 4.0777
240.5 4.0726
241 4.0674
241.5 4.0623
242 4.0572
242.5 4.0522
243 4.0471
243.5 4.0421
244 4.0371
244.5 4.0321
245 4.0271
245.5 4.0222
246 4.0172
246.5 4.0123
247 4.0074
247.5 4.0026
248 3.9977
248.5 3.9929
249 3.9881
249.5 3.9833
250 3.9785
250.5 3.9737
251 3.969
251.5 3.9643
252 3.9596
252.5 3.9549
253 3.9502
253.5 3.9456
254 3.941
254.5 3.9364
255 3.9318
255.5 3.9272
256 3.9226
256.5 3.9181
257 3.9136
257.5 3.9091
258 3.9046
258.5 3.9001
259 3.8957
259.5 3.8912
260 3.8868
260.5 3.8824
261 3.878
261.5 3.8736
262 3.8693
262.5 3.8649
263 3.8606
263.5 3.8563
264 3.852
264.5 3.8478
265 3.8435
265.5 3.8393
266 3.835
266.5 3.8308
267 3.8266
267.5 3.8224
268 3.8183
268.5 3.8141
269 3.81
269.5 3.8059
270 3.8018
270.5 3.7977
271 3.7936
271.5 3.7896
272 3.7855
272.5 3.7815
273 3.7775
273.5 3.7735
274 3.7695
274.5 3.7655
275 3.7616
275.5 3.7576
276 3.7537
276.5 3.7498
277 3.7459
277.5 3.742
278 3.7381
278.5 3.7343
279 3.7304
279.5 3.7266
280 3.7228
280.5 3.719
281 3.7152
281.5 3.7114
282 3.7076
282.5 3.7039
283 3.7001
283.5 3.6964
284 3.6927
284.5 3.689
285 3.6853
285.5 3.6817
286 3.678
286.5 3.6744
287 3.6707
287.5 3.6671
288 3.6635
288.5 3.6599
289 3.6563
289.5 3.6527
290 3.6492
290.5 3.6456
291 3.6421
291.5 3.6386
292 3.6351
292.5 3.6316
293 3.6281
293.5 3.6246
294 3.6211
294.5 3.6177
295 3.6142
295.5 3.6108
296 3.6074
296.5 3.604
297 3.6006
297.5 3.5972
298 3.5938
298.5 3.5905
299 3.5871
299.5 3.5838
300 3.5804
300.5 3.5771
301 3.5738
301.5 3.5705
302 3.5673
302.5 3.564
303 3.5607
303.5 3.5575
304 3.5542
304.5 3.551
305 3.5478
305.5 3.5446
306 3.5414
306.5 3.5382
307 3.535
307.5 3.5318
308 3.5287
308.5 3.5255
309 3.5224
309.5 3.5193
310 3.5161
310.5 3.513
311 3.5099
311.5 3.5069
312 3.5038
312.5 3.5007
313 3.4977
313.5 3.4946
314 3.4916
314.5 3.4885
315 3.4855
315.5 3.4825
316 3.4795
316.5 3.4765
317 3.4735
317.5 3.4706
318 3.4676
318.5 3.4647
319 3.4617
319.5 3.4588
320 3.4559
320.5 3.4529
321 3.45
321.5 3.4471
322 3.4443
322.5 3.4414
323 3.4385
323.5 3.4356
324 3.4328
324.5 3.43
325 3.4271
325.5 3.4243
326 3.4215
326.5 3.4187
327 3.4159
327.5 3.4131
328 3.4103
328.5 3.4075
329 3.4048
329.5 3.402
330 3.3992
330.5 3.3965
331 3.3938
331.5 3.391
332 3.3883
332.5 3.3856
333 3.3829
333.5 3.3802
334 3.3776
334.5 3.3749
335 3.3722
335.5 3.3696
336 3.3669
336.5 3.3643
337 3.3616
337.5 3.359
338 3.3564
338.5 3.3538
339 3.3512
339.5 3.3486
340 3.346
340.5 3.3434
341 3.3408
341.5 3.3383
342 3.3357
342.5 3.3332
343 3.3306
343.5 3.3281
344 3.3255
344.5 3.323
345 3.3205
345.5 3.318
346 3.3155
346.5 3.313
347 3.3105
347.5 3.3081
348 3.3056
348.5 3.3031
349 3.3007
349.5 3.2982
350 3.2958
350.5 3.2934
351 3.2909
351.5 3.2885
352 3.2861
352.5 3.2837
353 3.2813
353.5 3.2789
354 3.2765
354.5 3.2741
355 3.2718
355.5 3.2694
356 3.267
356.5 3.2647
357 3.2623
357.5 3.26
358 3.2577
358.5 3.2554
359 3.253
359.5 3.2507
360 3.2484
360.5 3.2461
361 3.2438
361.5 3.2415
362 3.2393
362.5 3.237
363 3.2347
363.5 3.2325
364 3.2302
364.5 3.228
365 3.2257
365.5 3.2235
366 3.2213
366.5 3.219
367 3.2168
367.5 3.2146
368 3.2124
368.5 3.2102
369 3.208
369.5 3.2058
370 3.2036
370.5 3.2015
371 3.1993
371.5 3.1971
372 3.195
372.5 3.1928
373 3.1907
373.5 3.1885
374 3.1864
374.5 3.1843
375 3.1822
375.5 3.18
376 3.1779
376.5 3.1758
377 3.1737
377.5 3.1716
378 3.1696
378.5 3.1675
379 3.1654
379.5 3.1633
380 3.1613
380.5 3.1592
381 3.1572
381.5 3.1551
382 3.1531
382.5 3.151
383 3.149
383.5 3.147
384 3.1449
384.5 3.1429
385 3.1409
385.5 3.1389
386 3.1369
386.5 3.1349
387 3.1329
387.5 3.1309
388 3.129
388.5 3.127
389 3.125
389.5 3.1231
390 3.1211
390.5 3.1192
391 3.1172
391.5 3.1153
392 3.1133
392.5 3.1114
393 3.1095
393.5 3.1076
394 3.1056
394.5 3.1037
395 3.1018
395.5 3.0999
396 3.098
396.5 3.0961
397 3.0942
397.5 3.0924
398 3.0905
398.5 3.0886
399 3.0867
399.5 3.0849
400 3.083
