0 0
0.5 302.4871
1 202.4301
1.5 154.6825
2 126.7259
2.5 108.0488
3 94.2683
3.5 83.9725
4 76.1236
4.5 69.8024
5 64.4742
5.5 59.9704
6 56.11
6.5 52.7613
7 49.8265
7.5 47.2544
8 44.9376
8.5 42.8588
9 40.9824
9.5 39.2792
10 37.7258
10.5 36.3029
11 35.0061
11.5 33.7963
12 32.6758
12.5 31.6348
13 30.665
13.5 29.7589
14 28.9105
14.5 28.1143
15 27.3654
15.5 26.6599
16 25.9939
16.5 25.3639
17 24.7671
17.5 24.2008
18 23.6626
18.5 23.1506
19 22.6627
19.5 22.1973
20 21.7528
20.5 21.3278
21 20.921
21.5 20.5312
22 20.1573
22.5 19.7985
23 19.4537
23.5 19.1221
24 18.803
24.5 18.4957
25 18.1995
25.5 17.9138
26 17.6381
26.5 17.3717
27 17.1142
27.5 16.8653
28 16.6245
28.5 16.3913
29 16.1654
29.5 15.9464
30 15.734
30.5 15.5281
31 15.3281
31.5 15.1339
32 14.9452
32.5 14.7618
33 14.5834
33.5 14.41
34 14.2411
34.5 14.0767
35 13.9166
35.5 13.7606
36 13.6086
36.5 13.4603
37 13.3157
37.5 13.1747
38 13.037
38.5 12.9026
39 12.7714
39.5 12.6431
40 12.5178
40.5 12.3954
41 12.2756
41.5 12.1586
42 12.044
42.5 11.9319
43 11.8222
43.5 11.7149
44 11.6098
44.5 11.5068
45 11.4059
45.5 11.3071
46 11.2102
46.5 11.1153
47 11.0223
47.5 10.9309
48 10.8414
48.5 10.7536
49 10.6673
49.5 10.5827
50 10.4996
50.5 10.4181
51 10.3381
51.5 10.2594
52 10.1822
52.5 10.1063
53 10.0317
53.5 9.9584
54 9.8864
54.5 9.8156
55 9.746
55.5 9.6775
56 9.6101
56.5 9.5439
57 9.4788
57.5 9.4146
58 9.3515
58.5 9.2894
59 9.2282
59.5 9.168
60 9.1088
60.5 9.0505
61 8.993
61.5 8.9363
62 8.8806
62.5 8.8256
63 8.7715
63.5 8.7182
64 8.6655
64.5 8.6137
65 8.5627
65.5 8.5123
66 8.4627
66.5 8.4137
67 8.3654
67.5 8.3178
68 8.2708
68.5 8.2245
69 8.1788
69.5 8.1336
70 8.0891
70.5 8.0452
71 8.0019
71.5 7.9591
72 7.9168
72.5 7.8752
73 7.834
73.5 7.7933
74 7.7532
74.5 7.7136
75 7.6744
75.5 7.6358
76 7.5976
76.5 7.5599
77 7.5226
77.5 7.4858
78 7.4494
78.5 7.4134
79 7.3779
79.5 7.3428
80 7.3081
80.5 7.2738
81 7.2399
81.5 7.2064
82 7.1732
82.5 7.1405
83 7.1081
83.5 7.076
84 7.0444
84.5 7.013
85 6.982
85.5 6.9514
86 6.9211
86.5 6.8911
87 6.8614
87.5 6.8321
88 6.803
88.5 6.7743
89 6.7459
89.5 6.7177
90 6.6899
90.5 6.6623
91 6.6351
91.5 6.6081
92 6.5814
92.5 6.5549
93 6.5287
93.5 6.5028
94 6.4771
94.5 6.4517
95 6.4266
95.5 6.4017
96 6.377
96.5 6.3526
97 6.3284
97.5 6.3044
98 6.2807
98.5 6.2571
99 6.2339
99.5 6.2108
100 6.1879
100.5 6.1653
101 6.1429
101.5 6.1207
102 6.0986
102.5 6.0768
103 6.0552
103.5 6.0338
104 6.0126
104.5 5.9915
105 5.9707
105.5 5.95
106 5.9295
106.5 5.9092
107 5.8891
107.5 5.8692
108 5.8494
108.5 5.8298
109 5.8104
109.5 5.7911
110 5.772
110.5 5.7531
111 5.7343
111.5 5.7157
112 5.6972
112.5 5.6789
113 5.6607
113.5 5.6427
114 5.6249
114.5 5.6072
115 5.5896
115.5 5.5722
116 5.5549
116.5 5.5378
117 5.5208
117.5 5.5039
118 5.4872
118.5 5.4706
119 5.4541
119.5 5.4378
120 5.4216
120.5 5.4055
121 5.3895
121.5 5.3737
122 5.358
122.5 5.3424
123 5.3269
123.5 5.3116
124 5.2963
124.5 5.2812
125 5.2662
125.5 5.2513
126 5.2365
126.5 5.2219
127 5.2073
127.5 5.1929
128 5.1785
128.5 5.1643
129 5.1501
129.5 5.1361
130 5.1222
130.5 5.1084
131 5.0946
131.5 5.081
132 5.0675
132.5 5.054
133 5.0407
133.5 5.0274
134 5.0143
134.5 5.0012
135 4.9883
135.5 4.9754
136 4.9626
136.5 4.9499
137 4.9373
137.5 4.9248
138 4.9123
138.5 4.9
139 4.8877
139.5 4.8755
140 4.8634
140.5 4.8514
141 4.8394
141.5 4.8276
142 4.8158
142.5 4.8041
143 4.7925
143.5 4.7809
144 4.7695
144.5 4.7581
145 4.7467
145.5 4.7355
146 4.7243
146.5 4.7132
147 4.7022
147.5 4.6912
148 4.6803
148.5 4.6695
149 4.6588
149.5 4.6481
150 4.6375
150.5 4.6269
151 4.6164
151.5 4.606
152 4.5957
152.5 4.5854
153 4.5752
153.5 4.565
154 4.5549
154.5 4.5449
155 4.5349
155.5 4.525
156 4.5152
156.5 4.5054
157 4.4956
157.5 4.486
158 4.4764
158.5 4.4668
159 4.4573
159.5 4.4479
160 4.4385
160.5 4.4292
161 4.4199
161.5 4.4107
162 4.4015
162.5 4.3924
163 4.3833
163.5 4.3743
164 4.3654
164.5 4.3565
165 4.3476
165.5 4.3388
166 4.3301
166.5 4.3214
167 4.3128
167.5 4.3042
168 4.2956
168.5 4.2871
169 4.2787
169.5 4.2703
170 4.2619
170.5 4.2536
171 4.2453
171.5 4.2371
172 4.2289
172.5 4.2208
173 4.2127
173.5 4.2047
174 4.1967
174.5 4.1888
175 4.1809
175.5 4.173
176 4.1652
176.5 4.1574
177 4.1497
177.5 4.142
178 4.1343
178.5 4.1267
179 4.1191
179.5 4.1116
180 4.1041
180.5 4.0967
181 4.0893
181.5 4.0819
182 4.0746
182.5 4.0673
183 4.06
183.5 4.0528
184 4.0456
184.5 4.0385
185 4.0314
185.5 4.0243
186 4.0173
186.5 4.0103
187 4.0033
187.5 3.9964
188 3.9895
188.5 3.9827
189 3.9759
189.5 3.9691
190 3.9623
190.5 3.9556
191 3.9489
191.5 3.9423
192 3.9357
192.5 3.9291
193 3.9226
193.5 3.916
194 3.9095
194.5 3.9031
195 3.8967
195.5 3.8903
196 3.8839
196.5 3.8776
197 3.8713
197.5 3.8651
198 3.8588
198.5 3.8526
199 3.8465
199.5 3.8403
200 3.8342
200.5 3.8281
201 3.8221
201.5 3.816
202 3.8101
202.5 3.8041
203 3.7981
203.5 3.7922
204 3.7864
204.5 3.7805
205 3.7747
205.5 3.7689
206 3.7631
206.5 3.7574
207 3.7516
207.5 3.7459
208 3.7403
208.5 3.7346
209 3.729
209.5 3.7234
210 3.7179
210.5 3.7123
211 3.7068
211.5 3.7014
212 3.6959
212.5 3.6905
213 3.685
213.5 3.6797
214 3.6743
214.5 3.669
215 3.6636
215.5 3.6584
216 3.6531
216.5 3.6479
217 3.6426
217.5 3.6374
218 3.6323
218.5 3.6271
219 3.622
219.5 3.6169
220 3.6118
220.5 3.6068
221 3.6017
221.5 3.5967
222 3.5917
222.5 3.5867
223 3.5818
223.5 3.5769
224 3.572
224.5 3.5671
225 3.5622
225.5 3.5574
226 3.5526
226.5 3.5477
227 3.543
227.5 3.5382
228 3.5335
228.5 3.5287
229 3.5241
229.5 3.5194
230 3.5147
230.5 3.5101
231 3.5055
231.5 3.5008
232 3.4963
232.5 3.4917
233 3.4872
233.5 3.4826
234 3.4781
234.5 3.4736
235 3.4692
235.5 3.4647
236 3.4603
236.5 3.4559
237 3.4515
237.5 3.4471
238 3.4428
238.5 3.4384
239 3.4341
239.5 3.4298
240 3.4255
240.5 3.4212
241 3.417
241.5 3.4127
242 3.4085
242.5 3.4043
243 3.4001
243.5 3.396
244 3.3918
244.5 3.3877
245 3.3836
245.5 3.3795
246 3.3754
246.5 3.3713
247 3.3673
247.5 3.3632
248 3.3592
248.5 3.3552
249 3.3512
249.5 3.3472
250 3.3433
250.5 3.3393
251 3.3354
251.5 3.3315
252 3.3276
252.5 3.3237
253 3.3198
253.5 3.316
254 3.3121
254.5 3.3083
255 3.3045
255.5 3.3007
256 3.2969
256.5 3.2932
257 3.2894
257.5 3.2857
258 3.282
258.5 3.2783
259 3.2746
259.5 3.2709
260 3.2672
260.5 3.2636
261 3.2599
261.5 3.2563
262 3.2527
262.5 3.2491
263 3.2455
263.5 3.242
264 3.2384
264.5 3.2349
265 3.2313
265.5 3.2278
266 3.2243
266.5 3.2208
267 3.2173
267.5 3.2139
268 3.2104
268.5 3.207
269 3.2036
269.5 3.2001
270 3.1967
270.5 3.1934
271 3.19
271.5 3.1866
272 3.1833
272.5 3.1799
273 3.1766
273.5 3.1733
274 3.17
274.5 3.1667
275 3.1634
275.5 3.1601
276 3.1569
276.5 3.1536
277 3.1504
277.5 3.1472
278 3.144
278.5 3.1408
279 3.1376
279.5 3.1344
280 3.1312
280.5 3.1281
281 3.1249
281.5 3.1218
282 3.1187
282.5 3.1156
283 3.1125
283.5 3.1094
284 3.1063
284.5 3.1032
285 3.1002
285.5 3.0971
286 3.0941
286.5 3.0911
287 3.088
287.5 3.085
288 3.082
288.5 3.0791
289 3.0761
289.5 3.0731
290 3.0702
290.5 3.0672
291 3.0643
291.5 3.0614
292 3.0585
292.5 3.0556
293 3.0527
293.5 3.0498
294 3.0469
294.5 3.044
295 3.0412
295.5 3.0383
296 3.0355
296.5 3.0327
297 3.0299
297.5 3.027
298 3.0243
298.5 3.0215
299 3.0187
299.5 3.0159
300 3.0132
300.5 3.0104
301 3.0077
301.5 3.0049
302 3.0022
302.5 2.9995
303 2.9968
303.5 2.9941
304 2.9914
304.5 2.9887
305 2.986
305.5 2.9834
306 2.9807
306.5 2.9781
307 2.9754
307.5 2.9728
308 2.9702
308.5 2.9676
309 2.965
309.5 2.9624
310 2.9598
310.5 2.9572
311 2.9547
311.5 2.9521
312 2.9495
312.5 2.947
313 2.9445
313.5 2.9419
314 2.9394
314.5 2.9369
315 2.9344
315.5 2.9319
316 2.9294
316.5 2.9269
317 2.9245
317.5 2.922
318 2.9195
318.5 2.9171
319 2.9146
319.5 2.9122
320 2.9098
320.5 2.9074
321 2.905
321.5 2.9025
322 2.9002
322.5 2.8978
323 2.8954
323.5 2.893
324 2.8906
324.5 2.8883
325 2.8859
325.5 2.8836
326 2.8812
326.5 2.8789
327 2.8766
327.5 2.8743
328 2.872
328.5 2.8697
329 2.8674
329.5 2.8651
330 2.8628
330.5 2.8605
331 2.8583
331.5 2.856
332 2.8537
332.5 2.8515
333 2.8492
333.5 2.847
334 2.8448
334.5 2.8426
335 2.8404
335.5 2.8382
336 2.836
336.5 2.8338
337 2.8316
337.5 2.8294
338 2.8272
338.5 2.825
339 2.8229
339.5 2.8207
340 2.8186
340.5 2.8164
341 2.8143
341.5 2.8122
342 2.8101
342.5 2.8079
343 2.8058
343.5 2.8037
344 2.8016
344.5 2.7995
345 2.7975
345.5 2.7954
346 2.7933
346.5 2.7912
347 2.7892
347.5 2.7871
348 2.7851
348.5 2.783
349 2.781
349.5 2.779
350 2.7769
350.5 2.7749
351 2.7729
351.5 2.7709
352 2.7689
352.5 2.7669
353 2.7649
353.5 2.7629
354 2.7609
354.5 2.759
355 2.757
355.5 2.755
356 2.7531
356.5 2.7511
357 2.7492
357.5 2.7472
358 2.7453
358.5 2.7434
359 2.7414
359.5 2.7395
360 2.7376
360.5 2.7357
361 2.7338
361.5 2.7319
362 2.73
362.5 2.7281
363 2.7262
363.5 2.7244
364 2.7225
364.5 2.7206
365 2.7188
365.5 2.7169
366 2.7151
366.5 2.7132
367 2.7114
367.5 2.7095
368 2.7077
368.5 2.7059
369 2.7041
369.5 2.7022
370 2.7004
370.5 2.6986
371 2.6968
371.5 2.695
372 2.6933
372.5 2.6915
373 2.6897
373.5 2.6879
374 2.6861
374.5 2.6844
375 2.6826
375.5 2.6809
376 2.6791
376.5 2.6774
377 2.6756
377.5 2.6739
378 2.6722
378.5 2.6704
379 2.6687
379.5 2.667
380 2.6653
380.5 2.6636
381 2.6619
381.5 2.6602
382 2.6585
382.5 2.6568
383 2.6551
383.5 2.6534
384 2.6517
384.5 2.65
385 2.6484
385.5 2.6467
386 2.6451
386.5 2.6434
387 2.6417
387.5 2.6401
388 2.6385
388.5 2.6368
389 2.6352
389.5 2.6336
390 2.6319
390.5 2.6303
391 2.6287
391.5 2.6271
392 2.6255
392.5 2.6239
393 2.6223
393.5 2.6207
394 2.6191
394.5 2.6175
395 2.6159
395.5 2.6143
396 2.6128
396.5 2.6112
397 2.6096
397.5 2.6081
398 2.6065
398.5 2.605
399 2.6034
399.5 2.6019
400 2.6003
