--UPenn beam model (double gaussian)--
# Beam data library (IBA full universal nozzle - GTR1 - 0deg)

Machine_Name = GTR1_0deg
Machine_Type = PROTEUSplus

Nozzle exit to Isocenter distance
810.50

SMX to Isocenter distance
2306.00

SMY to Isocenter distance
1924.00

Range Shifter parameters
RS_ID = RS_Block
RS_type = binary
RS_material = 5
RS_density = 2.6989
RS_WET = 74.1

Beam parameters
26 energies

NominalEnergy	MeanEnergy	EnergySpread	ProtonsMU	Weight1	SpotSize1x	Divergence1x	Correlation1x	SpotSize1y	Divergence1y	Correlation1y	Weight2	SpotSize2x	Divergence2x	Correlation2x	SpotSize2y	Divergence2y	Correlation2y	SpotTilt
100                 100    0.09980206055963           156520628       0.9999991525925      6.059586697277   0.001782232520395    -0.1689755641082      5.636602318798   0.001933138726263    -0.1122076915985  8.474075457016e-07      12.68607362234  0.0006738147414591   -0.02984689768771      11.76340665295 -0.0003553257269092     0.0246316358829    -0.4430199405374
105                 105    0.09980206055963           156520628       0.9999991525925      6.059586697277   0.001782232520395    -0.1689755641082      5.636602318798   0.001933138726263    -0.1122076915985  8.474075457016e-07      12.68607362234  0.0006738147414591   -0.02984689768771      11.76340665295 -0.0003553257269092     0.0246316358829    -0.4430199405374
110                 110    0.09980206055963           156520628       0.9999991525925      6.059586697277   0.001782232520395    -0.1689755641082      5.636602318798   0.001933138726263    -0.1122076915985  8.474075457016e-07      12.68607362234  0.0006738147414591   -0.02984689768771      11.76340665295 -0.0003553257269092     0.0246316358829    -0.4430199405374
115                 115    0.09980206055963           156520628       0.9999991525925      6.059586697277   0.001782232520395    -0.1689755641082      5.636602318798   0.001933138726263    -0.1122076915985  8.474075457016e-07      12.68607362234  0.0006738147414591   -0.02984689768771      11.76340665295 -0.0003553257269092     0.0246316358829    -0.4430199405374
120                 120    0.09980206055963           156520628       0.9999991525925      6.059586697277   0.001782232520395    -0.1689755641082      5.636602318798   0.001933138726263    -0.1122076915985  8.474075457016e-07      12.68607362234  0.0006738147414591   -0.02984689768771      11.76340665295 -0.0003553257269092     0.0246316358829    -0.4430199405374
125                 125    0.09980206055963           156520628       0.9999991525925      6.059586697277   0.001782232520395    -0.1689755641082      5.636602318798   0.001933138726263    -0.1122076915985  8.474075457016e-07      12.68607362234  0.0006738147414591   -0.02984689768771      11.76340665295 -0.0003553257269092     0.0246316358829    -0.4430199405374
130                 130    0.09980206055963           156520628       0.9999991525925      6.059586697277   0.001782232520395    -0.1689755641082      5.636602318798   0.001933138726263    -0.1122076915985  8.474075457016e-07      12.68607362234  0.0006738147414591   -0.02984689768771      11.76340665295 -0.0003553257269092     0.0246316358829    -0.4430199405374
135                 135    0.09980206055963           156520628       0.9999991525925      6.059586697277   0.001782232520395    -0.1689755641082      5.636602318798   0.001933138726263    -0.1122076915985  8.474075457016e-07      12.68607362234  0.0006738147414591   -0.02984689768771      11.76340665295 -0.0003553257269092     0.0246316358829    -0.4430199405374
140                 140    0.09980206055963           156520628       0.9999991525925      6.059586697277   0.001782232520395    -0.1689755641082      5.636602318798   0.001933138726263    -0.1122076915985  8.474075457016e-07      12.68607362234  0.0006738147414591   -0.02984689768771      11.76340665295 -0.0003553257269092     0.0246316358829    -0.4430199405374
145                 145    0.09980206055963           156520628       0.9999991525925      6.059586697277   0.001782232520395    -0.1689755641082      5.636602318798   0.001933138726263    -0.1122076915985  8.474075457016e-07      12.68607362234  0.0006738147414591   -0.02984689768771      11.76340665295 -0.0003553257269092     0.0246316358829    -0.4430199405374
150                 150    0.09980206055963           156520628       0.9999991525925      6.059586697277   0.001782232520395    -0.1689755641082      5.636602318798   0.001933138726263    -0.1122076915985  8.474075457016e-07      12.68607362234  0.0006738147414591   -0.02984689768771      11.76340665295 -0.0003553257269092     0.0246316358829    -0.4430199405374
155                 155    0.09980206055963           156520628       0.9999991525925      6.059586697277   0.001782232520395    -0.1689755641082      5.636602318798   0.001933138726263    -0.1122076915985  8.474075457016e-07      12.68607362234  0.0006738147414591   -0.02984689768771      11.76340665295 -0.0003553257269092     0.0246316358829    -0.4430199405374
160                 160    0.09980206055963           156520628       0.9999991525925      6.059586697277   0.001782232520395    -0.1689755641082      5.636602318798   0.001933138726263    -0.1122076915985  8.474075457016e-07      12.68607362234  0.0006738147414591   -0.02984689768771      11.76340665295 -0.0003553257269092     0.0246316358829    -0.4430199405374
165                 165    0.09980206055963           156520628       0.9999991525925      6.059586697277   0.001782232520395    -0.1689755641082      5.636602318798   0.001933138726263    -0.1122076915985  8.474075457016e-07      12.68607362234  0.0006738147414591   -0.02984689768771      11.76340665295 -0.0003553257269092     0.0246316358829    -0.4430199405374
170                 170    0.09980206055963           156520628       0.9999991525925      6.059586697277   0.001782232520395    -0.1689755641082      5.636602318798   0.001933138726263    -0.1122076915985  8.474075457016e-07      12.68607362234  0.0006738147414591   -0.02984689768771      11.76340665295 -0.0003553257269092     0.0246316358829    -0.4430199405374
175                 175    0.09980206055963           156520628       0.9999991525925      6.059586697277   0.001782232520395    -0.1689755641082      5.636602318798   0.001933138726263    -0.1122076915985  8.474075457016e-07      12.68607362234  0.0006738147414591   -0.02984689768771      11.76340665295 -0.0003553257269092     0.0246316358829    -0.4430199405374
180                 180    0.09980206055963           156520628       0.9999991525925      6.059586697277   0.001782232520395    -0.1689755641082      5.636602318798   0.001933138726263    -0.1122076915985  8.474075457016e-07      12.68607362234  0.0006738147414591   -0.02984689768771      11.76340665295 -0.0003553257269092     0.0246316358829    -0.4430199405374
185                 185    0.09980206055963           156520628       0.9999991525925      6.059586697277   0.001782232520395    -0.1689755641082      5.636602318798   0.001933138726263    -0.1122076915985  8.474075457016e-07      12.68607362234  0.0006738147414591   -0.02984689768771      11.76340665295 -0.0003553257269092     0.0246316358829    -0.4430199405374
190                 190    0.09980206055963           156520628       0.9999991525925      6.059586697277   0.001782232520395    -0.1689755641082      5.636602318798   0.001933138726263    -0.1122076915985  8.474075457016e-07      12.68607362234  0.0006738147414591   -0.02984689768771      11.76340665295 -0.0003553257269092     0.0246316358829    -0.4430199405374
195                 195    0.09980206055963           156520628       0.9999991525925      6.059586697277   0.001782232520395    -0.1689755641082      5.636602318798   0.001933138726263    -0.1122076915985  8.474075457016e-07      12.68607362234  0.0006738147414591   -0.02984689768771      11.76340665295 -0.0003553257269092     0.0246316358829    -0.4430199405374
200                 200    0.09980206055963           156520628       0.9999991525925      6.059586697277   0.001782232520395    -0.1689755641082      5.636602318798   0.001933138726263    -0.1122076915985  8.474075457016e-07      12.68607362234  0.0006738147414591   -0.02984689768771      11.76340665295 -0.0003553257269092     0.0246316358829    -0.4430199405374
205                 205    0.09980206055963           156520628       0.9999991525925      6.059586697277   0.001782232520395    -0.1689755641082      5.636602318798   0.001933138726263    -0.1122076915985  8.474075457016e-07      12.68607362234  0.0006738147414591   -0.02984689768771      11.76340665295 -0.0003553257269092     0.0246316358829    -0.4430199405374
210                 210    0.09980206055963           156520628       0.9999991525925      6.059586697277   0.001782232520395    -0.1689755641082      5.636602318798   0.001933138726263    -0.1122076915985  8.474075457016e-07      12.68607362234  0.0006738147414591   -0.02984689768771      11.76340665295 -0.0003553257269092     0.0246316358829    -0.4430199405374
215                 215    0.09980206055963           156520628       0.9999991525925      6.059586697277   0.001782232520395    -0.1689755641082      5.636602318798   0.001933138726263    -0.1122076915985  8.474075457016e-07      12.68607362234  0.0006738147414591   -0.02984689768771      11.76340665295 -0.0003553257269092     0.0246316358829    -0.4430199405374
220                 220    0.09980206055963           156520628       0.9999991525925      6.059586697277   0.001782232520395    -0.1689755641082      5.636602318798   0.001933138726263    -0.1122076915985  8.474075457016e-07      12.68607362234  0.0006738147414591   -0.02984689768771      11.76340665295 -0.0003553257269092     0.0246316358829    -0.4430199405374
227      227.9507331537    0.09980206055963           156520628       0.9999991525925      6.059586697277   0.001782232520395    -0.1689755641082      5.636602318798   0.001933138726263    -0.1122076915985  8.474075457016e-07      12.68607362234  0.0006738147414591   -0.02984689768771      11.76340665295 -0.0003553257269092     0.0246316358829    -0.4430199405374
