0 0
0.5 272.7225
1 185.9639
1.5 143.1262
2 117.7385
2.5 100.6607
3 87.9983
3.5 78.5088
4 71.2595
4.5 65.41
5 60.4703
5.5 56.2889
6 52.7006
6.5 49.5846
7 46.8513
7.5 44.454
8 42.2928
8.5 40.3524
9 38.5998
9.5 37.0082
10 35.5557
10.5 34.2247
11 33.0111
11.5 31.8784
12 30.829
12.5 29.8537
13 28.9446
13.5 28.0952
14 27.2995
14.5 26.5526
15 25.8499
15.5 25.1876
16 24.5623
16.5 23.9708
17 23.4102
17.5 22.8782
18 22.3725
18.5 21.8913
19 21.4326
19.5 20.9951
20 20.577
20.5 20.1773
21 19.7946
21.5 19.4279
22 19.0761
22.5 18.7384
23 18.4138
23.5 18.1017
24 17.8013
24.5 17.5119
25 17.233
25.5 16.9639
26 16.7041
26.5 16.4532
27 16.2106
27.5 15.976
28 15.7491
28.5 15.5293
29 15.3163
29.5 15.1099
30 14.9097
30.5 14.7155
31 14.5269
31.5 14.3438
32 14.1658
32.5 13.9928
33 13.8246
33.5 13.661
34 13.5016
34.5 13.3465
35 13.1954
35.5 13.0482
36 12.9047
36.5 12.7648
37 12.6283
37.5 12.4952
38 12.3652
38.5 12.2383
39 12.1145
39.5 11.9934
40 11.875
40.5 11.7594
41 11.6463
41.5 11.5358
42 11.4276
42.5 11.3217
43 11.2181
43.5 11.1167
44 11.0174
44.5 10.9201
45 10.8248
45.5 10.7314
46 10.6399
46.5 10.5502
47 10.4622
47.5 10.3759
48 10.2913
48.5 10.2083
49 10.1267
49.5 10.0468
50 9.9683
50.5 9.8912
51 9.8155
51.5 9.7412
52 9.6682
52.5 9.5964
53 9.5259
53.5 9.4566
54 9.3885
54.5 9.3216
55 9.2557
55.5 9.1909
56 9.1272
56.5 9.0646
57 9.0029
57.5 8.9423
58 8.8825
58.5 8.8238
59 8.766
59.5 8.709
60 8.653
60.5 8.5978
61 8.5434
61.5 8.4898
62 8.4371
62.5 8.3851
63 8.3338
63.5 8.2834
64 8.2336
64.5 8.1845
65 8.1362
65.5 8.0885
66 8.0416
66.5 7.9952
67 7.9495
67.5 7.9044
68 7.86
68.5 7.8161
69 7.7728
69.5 7.7301
70 7.688
70.5 7.6464
71 7.6054
71.5 7.5649
72 7.5249
72.5 7.4854
73 7.4464
73.5 7.408
74 7.37
74.5 7.3324
75 7.2954
75.5 7.2588
76 7.2226
76.5 7.1869
77 7.1516
77.5 7.1167
78 7.0823
78.5 7.0482
79 7.0146
79.5 6.9813
80 6.9484
80.5 6.916
81 6.8838
81.5 6.8521
82 6.8207
82.5 6.7897
83 6.759
83.5 6.7286
84 6.6986
84.5 6.6689
85 6.6396
85.5 6.6105
86 6.5818
86.5 6.5534
87 6.5253
87.5 6.4975
88 6.47
88.5 6.4428
89 6.4158
89.5 6.3892
90 6.3628
90.5 6.3367
91 6.3108
91.5 6.2852
92 6.2599
92.5 6.2349
93 6.21
93.5 6.1855
94 6.1612
94.5 6.1371
95 6.1132
95.5 6.0896
96 6.0662
96.5 6.0431
97 6.0201
97.5 5.9974
98 5.9749
98.5 5.9527
99 5.9306
99.5 5.9087
100 5.8871
100.5 5.8656
101 5.8443
101.5 5.8233
102 5.8024
102.5 5.7817
103 5.7612
103.5 5.7409
104 5.7208
104.5 5.7009
105 5.6811
105.5 5.6615
106 5.6421
106.5 5.6229
107 5.6038
107.5 5.5849
108 5.5661
108.5 5.5475
109 5.5291
109.5 5.5108
110 5.4927
110.5 5.4748
111 5.457
111.5 5.4393
112 5.4218
112.5 5.4045
113 5.3872
113.5 5.3702
114 5.3532
114.5 5.3364
115 5.3198
115.5 5.3033
116 5.2869
116.5 5.2706
117 5.2545
117.5 5.2385
118 5.2226
118.5 5.2069
119 5.1913
119.5 5.1758
120 5.1604
120.5 5.1451
121 5.13
121.5 5.115
122 5.1001
122.5 5.0853
123 5.0706
123.5 5.0561
124 5.0416
124.5 5.0273
125 5.0131
125.5 4.9989
126 4.9849
126.5 4.971
127 4.9572
127.5 4.9435
128 4.9299
128.5 4.9164
129 4.9029
129.5 4.8896
130 4.8764
130.5 4.8633
131 4.8503
131.5 4.8373
132 4.8245
132.5 4.8118
133 4.7991
133.5 4.7865
134 4.774
134.5 4.7617
135 4.7494
135.5 4.7371
136 4.725
136.5 4.713
137 4.701
137.5 4.6891
138 4.6773
138.5 4.6656
139 4.6539
139.5 4.6424
140 4.6309
140.5 4.6195
141 4.6082
141.5 4.5969
142 4.5857
142.5 4.5746
143 4.5636
143.5 4.5526
144 4.5418
144.5 4.5309
145 4.5202
145.5 4.5095
146 4.4989
146.5 4.4884
147 4.4779
147.5 4.4675
148 4.4572
148.5 4.4469
149 4.4367
149.5 4.4266
150 4.4165
150.5 4.4065
151 4.3965
151.5 4.3867
152 4.3768
152.5 4.3671
153 4.3574
153.5 4.3477
154 4.3382
154.5 4.3286
155 4.3192
155.5 4.3098
156 4.3004
156.5 4.2911
157 4.2819
157.5 4.2727
158 4.2636
158.5 4.2545
159 4.2455
159.5 4.2365
160 4.2276
160.5 4.2188
161 4.21
161.5 4.2012
162 4.1925
162.5 4.1839
163 4.1753
163.5 4.1667
164 4.1582
164.5 4.1498
165 4.1414
165.5 4.133
166 4.1247
166.5 4.1165
167 4.1083
167.5 4.1001
168 4.092
168.5 4.0839
169 4.0759
169.5 4.0679
170 4.06
170.5 4.0521
171 4.0443
171.5 4.0365
172 4.0287
172.5 4.021
173 4.0133
173.5 4.0057
174 3.9981
174.5 3.9906
175 3.9831
175.5 3.9756
176 3.9682
176.5 3.9608
177 3.9534
177.5 3.9461
178 3.9389
178.5 3.9317
179 3.9245
179.5 3.9173
180 3.9102
180.5 3.9031
181 3.8961
181.5 3.8891
182 3.8822
182.5 3.8752
183 3.8683
183.5 3.8615
184 3.8547
184.5 3.8479
185 3.8411
185.5 3.8344
186 3.8278
186.5 3.8211
187 3.8145
187.5 3.8079
188 3.8014
188.5 3.7949
189 3.7884
189.5 3.782
190 3.7756
190.5 3.7692
191 3.7629
191.5 3.7565
192 3.7503
192.5 3.744
193 3.7378
193.5 3.7316
194 3.7255
194.5 3.7193
195 3.7132
195.5 3.7072
196 3.7011
196.5 3.6951
197 3.6892
197.5 3.6832
198 3.6773
198.5 3.6714
199 3.6655
199.5 3.6597
200 3.6539
200.5 3.6481
201 3.6424
201.5 3.6367
202 3.631
202.5 3.6253
203 3.6197
203.5 3.614
204 3.6085
204.5 3.6029
205 3.5974
205.5 3.5919
206 3.5864
206.5 3.5809
207 3.5755
207.5 3.5701
208 3.5647
208.5 3.5593
209 3.554
209.5 3.5487
210 3.5434
210.5 3.5382
211 3.5329
211.5 3.5277
212 3.5225
212.5 3.5174
213 3.5122
213.5 3.5071
214 3.502
214.5 3.497
215 3.4919
215.5 3.4869
216 3.4819
216.5 3.4769
217 3.472
217.5 3.467
218 3.4621
218.5 3.4572
219 3.4523
219.5 3.4475
220 3.4427
220.5 3.4379
221 3.4331
221.5 3.4283
222 3.4236
222.5 3.4189
223 3.4142
223.5 3.4095
224 3.4048
224.5 3.4002
225 3.3956
225.5 3.391
226 3.3864
226.5 3.3818
227 3.3773
227.5 3.3728
228 3.3683
228.5 3.3638
229 3.3593
229.5 3.3549
230 3.3504
230.5 3.346
231 3.3416
231.5 3.3373
232 3.3329
232.5 3.3286
233 3.3243
233.5 3.32
234 3.3157
234.5 3.3114
235 3.3072
235.5 3.303
236 3.2988
236.5 3.2946
237 3.2904
237.5 3.2862
238 3.2821
238.5 3.278
239 3.2739
239.5 3.2698
240 3.2657
240.5 3.2616
241 3.2576
241.5 3.2536
242 3.2496
242.5 3.2456
243 3.2416
243.5 3.2376
244 3.2337
244.5 3.2298
245 3.2258
245.5 3.222
246 3.2181
246.5 3.2142
247 3.2104
247.5 3.2065
248 3.2027
248.5 3.1989
249 3.1951
249.5 3.1913
250 3.1876
250.5 3.1838
251 3.1801
251.5 3.1764
252 3.1727
252.5 3.169
253 3.1653
253.5 3.1617
254 3.158
254.5 3.1544
255 3.1508
255.5 3.1472
256 3.1436
256.5 3.14
257 3.1364
257.5 3.1329
258 3.1293
258.5 3.1258
259 3.1223
259.5 3.1188
260 3.1153
260.5 3.1119
261 3.1084
261.5 3.105
262 3.1015
262.5 3.0981
263 3.0947
263.5 3.0913
264 3.0879
264.5 3.0846
265 3.0812
265.5 3.0779
266 3.0746
266.5 3.0712
267 3.0679
267.5 3.0646
268 3.0614
268.5 3.0581
269 3.0548
269.5 3.0516
270 3.0484
270.5 3.0451
271 3.0419
271.5 3.0387
272 3.0355
272.5 3.0324
273 3.0292
273.5 3.0261
274 3.0229
274.5 3.0198
275 3.0167
275.5 3.0136
276 3.0105
276.5 3.0074
277 3.0043
277.5 3.0012
278 2.9982
278.5 2.9952
279 2.9921
279.5 2.9891
280 2.9861
280.5 2.9831
281 2.9801
281.5 2.9771
282 2.9742
282.5 2.9712
283 2.9683
283.5 2.9653
284 2.9624
284.5 2.9595
285 2.9566
285.5 2.9537
286 2.9508
286.5 2.9479
287 2.9451
287.5 2.9422
288 2.9394
288.5 2.9365
289 2.9337
289.5 2.9309
290 2.9281
290.5 2.9253
291 2.9225
291.5 2.9197
292 2.917
292.5 2.9142
293 2.9114
293.5 2.9087
294 2.906
294.5 2.9033
295 2.9005
295.5 2.8978
296 2.8951
296.5 2.8925
297 2.8898
297.5 2.8871
298 2.8845
298.5 2.8818
299 2.8792
299.5 2.8765
300 2.8739
300.5 2.8713
301 2.8687
301.5 2.8661
302 2.8635
302.5 2.8609
303 2.8583
303.5 2.8558
304 2.8532
304.5 2.8507
305 2.8481
305.5 2.8456
306 2.8431
306.5 2.8406
307 2.8381
307.5 2.8356
308 2.8331
308.5 2.8306
309 2.8281
309.5 2.8257
310 2.8232
310.5 2.8208
311 2.8183
311.5 2.8159
312 2.8135
312.5 2.811
313 2.8086
313.5 2.8062
314 2.8038
314.5 2.8014
315 2.7991
315.5 2.7967
316 2.7943
316.5 2.792
317 2.7896
317.5 2.7873
318 2.7849
318.5 2.7826
319 2.7803
319.5 2.778
320 2.7757
320.5 2.7734
321 2.7711
321.5 2.7688
322 2.7665
322.5 2.7642
323 2.762
323.5 2.7597
324 2.7575
324.5 2.7552
325 2.753
325.5 2.7508
326 2.7486
326.5 2.7463
327 2.7441
327.5 2.7419
328 2.7397
328.5 2.7375
329 2.7354
329.5 2.7332
330 2.731
330.5 2.7289
331 2.7267
331.5 2.7246
332 2.7224
332.5 2.7203
333 2.7181
333.5 2.716
334 2.7139
334.5 2.7118
335 2.7097
335.5 2.7076
336 2.7055
336.5 2.7034
337 2.7013
337.5 2.6993
338 2.6972
338.5 2.6951
339 2.6931
339.5 2.691
340 2.689
340.5 2.687
341 2.6849
341.5 2.6829
342 2.6809
342.5 2.6789
343 2.6769
343.5 2.6749
344 2.6729
344.5 2.6709
345 2.6689
345.5 2.6669
346 2.665
346.5 2.663
347 2.661
347.5 2.6591
348 2.6571
348.5 2.6552
349 2.6533
349.5 2.6513
350 2.6494
350.5 2.6475
351 2.6456
351.5 2.6437
352 2.6418
352.5 2.6399
353 2.638
353.5 2.6361
354 2.6342
354.5 2.6323
355 2.6305
355.5 2.6286
356 2.6267
356.5 2.6249
357 2.623
357.5 2.6212
358 2.6193
358.5 2.6175
359 2.6157
359.5 2.6139
360 2.612
360.5 2.6102
361 2.6084
361.5 2.6066
362 2.6048
362.5 2.603
363 2.6012
363.5 2.5995
364 2.5977
364.5 2.5959
365 2.5941
365.5 2.5924
366 2.5906
366.5 2.5889
367 2.5871
367.5 2.5854
368 2.5836
368.5 2.5819
369 2.5802
369.5 2.5784
370 2.5767
370.5 2.575
371 2.5733
371.5 2.5716
372 2.5699
372.5 2.5682
373 2.5665
373.5 2.5648
374 2.5631
374.5 2.5615
375 2.5598
375.5 2.5581
376 2.5564
376.5 2.5548
377 2.5531
377.5 2.5515
378 2.5498
378.5 2.5482
379 2.5466
379.5 2.5449
380 2.5433
380.5 2.5417
381 2.54
381.5 2.5384
382 2.5368
382.5 2.5352
383 2.5336
383.5 2.532
384 2.5304
384.5 2.5288
385 2.5272
385.5 2.5257
386 2.5241
386.5 2.5225
387 2.5209
387.5 2.5194
388 2.5178
388.5 2.5163
389 2.5147
389.5 2.5132
390 2.5116
390.5 2.5101
391 2.5085
391.5 2.507
392 2.5055
392.5 2.504
393 2.5024
393.5 2.5009
394 2.4994
394.5 2.4979
395 2.4964
395.5 2.4949
396 2.4934
396.5 2.4919
397 2.4904
397.5 2.4889
398 2.4874
398.5 2.486
399 2.4845
399.5 2.483
400 2.4816
