0 0
0.5 394.3505
1 252.6739
1.5 189.7375
2 153.8827
2.5 130.3094
3 113.1181
3.5 100.3682
4 90.6975
4.5 82.9457
5 76.4412
5.5 70.9623
6 66.2802
6.5 62.2293
7 58.6873
7.5 55.5889
8 52.8037
8.5 50.3089
9 48.0604
9.5 46.0225
10 44.1661
10.5 42.4677
11 40.9213
11.5 39.4804
12 38.1472
12.5 36.9098
13 35.7579
13.5 34.6828
14 33.6767
14.5 32.7333
15 31.8465
15.5 31.0117
16 30.224
16.5 29.4796
17 28.7746
17.5 28.1061
18 27.4711
18.5 26.8673
19 26.2923
19.5 25.744
20 25.2205
20.5 24.7203
21 24.2416
21.5 23.7832
22 23.3437
22.5 22.922
23 22.517
23.5 22.1277
24 21.7531
24.5 21.3925
25 21.045
25.5 20.71
26 20.3867
26.5 20.0746
27 19.7729
27.5 19.4813
28 19.1994
28.5 18.9264
29 18.662
29.5 18.4058
30 18.1574
30.5 17.9165
31 17.6827
31.5 17.4557
32 17.2352
32.5 17.0209
33 16.8126
33.5 16.6101
34 16.4129
34.5 16.221
35 16.0342
35.5 15.8521
36 15.6747
36.5 15.5018
37 15.3332
37.5 15.1688
38 15.0083
38.5 14.8516
39 14.6987
39.5 14.5493
40 14.4033
40.5 14.2607
41 14.1212
41.5 13.985
42 13.8516
42.5 13.7211
43 13.5935
43.5 13.4686
44 13.3463
44.5 13.2265
45 13.1092
45.5 12.9943
46 12.8816
46.5 12.7713
47 12.6631
47.5 12.5569
48 12.4529
48.5 12.3508
49 12.2506
49.5 12.1523
50 12.0558
50.5 11.9611
51 11.8682
51.5 11.7769
52 11.6873
52.5 11.5991
53 11.5125
53.5 11.4275
54 11.3439
54.5 11.2618
55 11.181
55.5 11.1015
56 11.0234
56.5 10.9465
57 10.871
57.5 10.7966
58 10.7234
58.5 10.6514
59 10.5805
59.5 10.5107
60 10.4421
60.5 10.3745
61 10.3079
61.5 10.2422
62 10.1777
62.5 10.114
63 10.0512
63.5 9.9895
64 9.9285
64.5 9.8685
65 9.8094
65.5 9.751
66 9.6936
66.5 9.6369
67 9.581
67.5 9.5259
68 9.4715
68.5 9.4179
69 9.365
69.5 9.3128
70 9.2612
70.5 9.2104
71 9.1603
71.5 9.1108
72 9.0619
72.5 9.0137
73 8.9661
73.5 8.9191
74 8.8727
74.5 8.8268
75 8.7816
75.5 8.7369
76 8.6927
76.5 8.6491
77 8.606
77.5 8.5635
78 8.5214
78.5 8.4799
79 8.4388
79.5 8.3982
80 8.3582
80.5 8.3185
81 8.2793
81.5 8.2406
82 8.2023
82.5 8.1645
83 8.1271
83.5 8.0901
84 8.0535
84.5 8.0173
85 7.9815
85.5 7.9461
86 7.9111
86.5 7.8765
87 7.8422
87.5 7.8083
88 7.7748
88.5 7.7416
89 7.7088
89.5 7.6763
90 7.6442
90.5 7.6124
91 7.5809
91.5 7.5498
92 7.519
92.5 7.4884
93 7.4582
93.5 7.4283
94 7.3987
94.5 7.3694
95 7.3404
95.5 7.3116
96 7.2832
96.5 7.255
97 7.2271
97.5 7.1994
98 7.1721
98.5 7.145
99 7.1181
99.5 7.0915
100 7.0651
100.5 7.039
101 7.0132
101.5 6.9876
102 6.9622
102.5 6.937
103 6.9121
103.5 6.8874
104 6.863
104.5 6.8387
105 6.8147
105.5 6.7909
106 6.7673
106.5 6.7439
107 6.7207
107.5 6.6977
108 6.6749
108.5 6.6523
109 6.63
109.5 6.6078
110 6.5858
110.5 6.5639
111 6.5423
111.5 6.5209
112 6.4996
112.5 6.4785
113 6.4576
113.5 6.4369
114 6.4163
114.5 6.3959
115 6.3757
115.5 6.3556
116 6.3357
116.5 6.316
117 6.2964
117.5 6.277
118 6.2577
118.5 6.2386
119 6.2196
119.5 6.2008
120 6.1822
120.5 6.1636
121 6.1453
121.5 6.127
122 6.109
122.5 6.091
123 6.0732
123.5 6.0555
124 6.038
124.5 6.0206
125 6.0033
125.5 5.9862
126 5.9692
126.5 5.9523
127 5.9355
127.5 5.9189
128 5.9024
128.5 5.886
129 5.8698
129.5 5.8536
130 5.8376
130.5 5.8217
131 5.8059
131.5 5.7902
132 5.7746
132.5 5.7592
133 5.7438
133.5 5.7286
134 5.7135
134.5 5.6984
135 5.6835
135.5 5.6687
136 5.654
136.5 5.6394
137 5.6249
137.5 5.6105
138 5.5962
138.5 5.582
139 5.5679
139.5 5.5539
140 5.5399
140.5 5.5261
141 5.5124
141.5 5.4988
142 5.4852
142.5 5.4717
143 5.4584
143.5 5.4451
144 5.4319
144.5 5.4188
145 5.4058
145.5 5.3929
146 5.38
146.5 5.3673
147 5.3546
147.5 5.342
148 5.3295
148.5 5.317
149 5.3047
149.5 5.2924
150 5.2802
150.5 5.2681
151 5.256
151.5 5.2441
152 5.2322
152.5 5.2203
153 5.2086
153.5 5.1969
154 5.1853
154.5 5.1738
155 5.1623
155.5 5.151
156 5.1396
156.5 5.1284
157 5.1172
157.5 5.1061
158 5.0951
158.5 5.0841
159 5.0732
159.5 5.0623
160 5.0515
160.5 5.0408
161 5.0302
161.5 5.0196
162 5.0091
162.5 4.9986
163 4.9882
163.5 4.9779
164 4.9676
164.5 4.9573
165 4.9472
165.5 4.9371
166 4.927
166.5 4.917
167 4.9071
167.5 4.8972
168 4.8874
168.5 4.8777
169 4.868
169.5 4.8583
170 4.8487
170.5 4.8392
171 4.8297
171.5 4.8203
172 4.8109
172.5 4.8015
173 4.7923
173.5 4.783
174 4.7739
174.5 4.7647
175 4.7557
175.5 4.7466
176 4.7377
176.5 4.7287
177 4.7199
177.5 4.711
178 4.7022
178.5 4.6935
179 4.6848
179.5 4.6762
180 4.6676
180.5 4.659
181 4.6505
181.5 4.6421
182 4.6336
182.5 4.6253
183 4.6169
183.5 4.6087
184 4.6004
184.5 4.5922
185 4.5841
185.5 4.576
186 4.5679
186.5 4.5599
187 4.5519
187.5 4.5439
188 4.536
188.5 4.5282
189 4.5204
189.5 4.5126
190 4.5048
190.5 4.4971
191 4.4895
191.5 4.4818
192 4.4742
192.5 4.4667
193 4.4592
193.5 4.4517
194 4.4443
194.5 4.4369
195 4.4295
195.5 4.4222
196 4.4149
196.5 4.4076
197 4.4004
197.5 4.3932
198 4.3861
198.5 4.3789
199 4.3719
199.5 4.3648
200 4.3578
200.5 4.3508
201 4.3439
201.5 4.337
202 4.3301
202.5 4.3232
203 4.3164
203.5 4.3097
204 4.3029
204.5 4.2962
205 4.2895
205.5 4.2829
206 4.2762
206.5 4.2697
207 4.2631
207.5 4.2566
208 4.2501
208.5 4.2436
209 4.2372
209.5 4.2308
210 4.2244
210.5 4.218
211 4.2117
211.5 4.2054
212 4.1991
212.5 4.1929
213 4.1867
213.5 4.1805
214 4.1744
214.5 4.1683
215 4.1622
215.5 4.1561
216 4.1501
216.5 4.1441
217 4.1381
217.5 4.1321
218 4.1262
218.5 4.1203
219 4.1144
219.5 4.1086
220 4.1027
220.5 4.0969
221 4.0912
221.5 4.0854
222 4.0797
222.5 4.074
223 4.0683
223.5 4.0627
224 4.057
224.5 4.0514
225 4.0459
225.5 4.0403
226 4.0348
226.5 4.0293
227 4.0238
227.5 4.0183
228 4.0129
228.5 4.0075
229 4.0021
229.5 3.9967
230 3.9914
230.5 3.9861
231 3.9808
231.5 3.9755
232 3.9702
232.5 3.965
233 3.9598
233.5 3.9546
234 3.9495
234.5 3.9443
235 3.9392
235.5 3.9341
236 3.929
236.5 3.924
237 3.9189
237.5 3.9139
238 3.9089
238.5 3.9039
239 3.899
239.5 3.894
240 3.8891
240.5 3.8842
241 3.8794
241.5 3.8745
242 3.8697
242.5 3.8648
243 3.8601
243.5 3.8553
244 3.8505
244.5 3.8458
245 3.8411
245.5 3.8364
246 3.8317
246.5 3.827
247 3.8224
247.5 3.8177
248 3.8131
248.5 3.8085
249 3.804
249.5 3.7994
250 3.7949
250.5 3.7904
251 3.7859
251.5 3.7814
252 3.7769
252.5 3.7725
253 3.768
253.5 3.7636
254 3.7592
254.5 3.7548
255 3.7505
255.5 3.7461
256 3.7418
256.5 3.7375
257 3.7332
257.5 3.7289
258 3.7246
258.5 3.7204
259 3.7162
259.5 3.712
260 3.7077
260.5 3.7036
261 3.6994
261.5 3.6952
262 3.6911
262.5 3.687
263 3.6829
263.5 3.6788
264 3.6747
264.5 3.6707
265 3.6666
265.5 3.6626
266 3.6586
266.5 3.6546
267 3.6506
267.5 3.6466
268 3.6427
268.5 3.6387
269 3.6348
269.5 3.6309
270 3.627
270.5 3.6231
271 3.6192
271.5 3.6154
272 3.6115
272.5 3.6077
273 3.6039
273.5 3.6001
274 3.5963
274.5 3.5925
275 3.5888
275.5 3.585
276 3.5813
276.5 3.5776
277 3.5739
277.5 3.5702
278 3.5665
278.5 3.5628
279 3.5592
279.5 3.5555
280 3.5519
280.5 3.5483
281 3.5447
281.5 3.5411
282 3.5375
282.5 3.534
283 3.5304
283.5 3.5269
284 3.5234
284.5 3.5198
285 3.5163
285.5 3.5128
286 3.5094
286.5 3.5059
287 3.5025
287.5 3.499
288 3.4956
288.5 3.4922
289 3.4888
289.5 3.4854
290 3.482
290.5 3.4786
291 3.4752
291.5 3.4719
292 3.4686
292.5 3.4652
293 3.4619
293.5 3.4586
294 3.4553
294.5 3.452
295 3.4488
295.5 3.4455
296 3.4423
296.5 3.439
297 3.4358
297.5 3.4326
298 3.4294
298.5 3.4262
299 3.423
299.5 3.4198
300 3.4167
300.5 3.4135
301 3.4104
301.5 3.4073
302 3.4041
302.5 3.401
303 3.3979
303.5 3.3948
304 3.3918
304.5 3.3887
305 3.3856
305.5 3.3826
306 3.3795
306.5 3.3765
307 3.3735
307.5 3.3705
308 3.3675
308.5 3.3645
309 3.3615
309.5 3.3585
310 3.3556
310.5 3.3526
311 3.3497
311.5 3.3467
312 3.3438
312.5 3.3409
313 3.338
313.5 3.3351
314 3.3322
314.5 3.3293
315 3.3265
315.5 3.3236
316 3.3208
316.5 3.3179
317 3.3151
317.5 3.3123
318 3.3095
318.5 3.3067
319 3.3039
319.5 3.3011
320 3.2983
320.5 3.2955
321 3.2928
321.5 3.29
322 3.2873
322.5 3.2845
323 3.2818
323.5 3.2791
324 3.2764
324.5 3.2737
325 3.271
325.5 3.2683
326 3.2656
326.5 3.2629
327 3.2603
327.5 3.2576
328 3.255
328.5 3.2523
329 3.2497
329.5 3.2471
330 3.2445
330.5 3.2419
331 3.2393
331.5 3.2367
332 3.2341
332.5 3.2315
333 3.229
333.5 3.2264
334 3.2239
334.5 3.2213
335 3.2188
335.5 3.2163
336 3.2137
336.5 3.2112
337 3.2087
337.5 3.2062
338 3.2037
338.5 3.2013
339 3.1988
339.5 3.1963
340 3.1939
340.5 3.1914
341 3.189
341.5 3.1865
342 3.1841
342.5 3.1817
343 3.1793
343.5 3.1768
344 3.1744
344.5 3.172
345 3.1697
345.5 3.1673
346 3.1649
346.5 3.1625
347 3.1602
347.5 3.1578
348 3.1555
348.5 3.1531
349 3.1508
349.5 3.1485
350 3.1462
350.5 3.1438
351 3.1415
351.5 3.1392
352 3.1369
352.5 3.1347
353 3.1324
353.5 3.1301
354 3.1278
354.5 3.1256
355 3.1233
355.5 3.1211
356 3.1188
356.5 3.1166
357 3.1144
357.5 3.1122
358 3.1099
358.5 3.1077
359 3.1055
359.5 3.1033
360 3.1011
360.5 3.099
361 3.0968
361.5 3.0946
362 3.0924
362.5 3.0903
363 3.0881
363.5 3.086
364 3.0838
364.5 3.0817
365 3.0796
365.5 3.0774
366 3.0753
366.5 3.0732
367 3.0711
367.5 3.069
368 3.0669
368.5 3.0648
369 3.0627
369.5 3.0607
370 3.0586
370.5 3.0565
371 3.0545
371.5 3.0524
372 3.0504
372.5 3.0483
373 3.0463
373.5 3.0442
374 3.0422
374.5 3.0402
375 3.0382
375.5 3.0362
376 3.0342
376.5 3.0322
377 3.0302
377.5 3.0282
378 3.0262
378.5 3.0242
379 3.0222
379.5 3.0203
380 3.0183
380.5 3.0164
381 3.0144
381.5 3.0125
382 3.0105
382.5 3.0086
383 3.0067
383.5 3.0047
384 3.0028
384.5 3.0009
385 2.999
385.5 2.9971
386 2.9952
386.5 2.9933
387 2.9914
387.5 2.9895
388 2.9876
388.5 2.9858
389 2.9839
389.5 2.982
390 2.9802
390.5 2.9783
391 2.9764
391.5 2.9746
392 2.9728
392.5 2.9709
393 2.9691
393.5 2.9673
394 2.9654
394.5 2.9636
395 2.9618
395.5 2.96
396 2.9582
396.5 2.9564
397 2.9546
397.5 2.9528
398 2.951
398.5 2.9493
399 2.9475
399.5 2.9457
400 2.9439
