0 0
0.5 336.9228
1 221.4585
1.5 168.0293
2 137.1017
2.5 116.5758
3 101.5034
3.5 90.276
4 81.7345
4.5 74.8685
5 69.0918
5.5 64.2157
6 60.0411
6.5 56.4238
7 53.2565
7.5 50.4827
8 47.9862
8.5 45.7477
9 43.7284
9.5 41.8966
10 40.2267
10.5 38.6978
11 37.305
11.5 36.0062
12 34.8038
12.5 33.6871
13 32.6471
13.5 31.6758
14 30.7666
14.5 29.9136
15 29.1114
15.5 28.3559
16 27.6429
16.5 26.9687
17 26.3301
17.5 25.7243
18 25.1487
18.5 24.6011
19 24.0795
19.5 23.582
20 23.1069
20.5 22.6528
21 22.2182
21.5 21.8018
22 21.4025
22.5 21.0193
23 20.6512
23.5 20.2972
24 19.9566
24.5 19.6286
25 19.3125
25.5 19.0077
26 18.7135
26.5 18.4294
27 18.1548
27.5 17.8893
28 17.6325
28.5 17.3838
29 17.143
29.5 16.9095
30 16.6832
30.5 16.4636
31 16.2505
31.5 16.0436
32 15.8425
32.5 15.6471
33 15.4571
33.5 15.2723
34 15.0924
34.5 14.9174
35 14.7468
35.5 14.5807
36 14.4188
36.5 14.261
37 14.107
37.5 13.9569
38 13.8103
38.5 13.6672
39 13.5276
39.5 13.3911
40 13.2577
40.5 13.1275
41 13
41.5 12.8755
42 12.7536
42.5 12.6343
43 12.5177
43.5 12.4035
44 12.2917
44.5 12.1822
45 12.0749
45.5 11.9698
46 11.8667
46.5 11.7658
47 11.6668
47.5 11.5697
48 11.4745
48.5 11.3811
49 11.2894
49.5 11.1995
50 11.1112
50.5 11.0245
51 10.9395
51.5 10.8559
52 10.7738
52.5 10.6931
53 10.6139
53.5 10.536
54 10.4595
54.5 10.3843
55 10.3103
55.5 10.2375
56 10.1659
56.5 10.0955
57 10.0263
57.5 9.9582
58 9.8911
58.5 9.8252
59 9.7602
59.5 9.6963
60 9.6333
60.5 9.5714
61 9.5104
61.5 9.4502
62 9.391
62.5 9.3326
63 9.2751
63.5 9.2185
64 9.1626
64.5 9.1076
65 9.0534
65.5 8.9999
66 8.9472
66.5 8.8952
67 8.844
67.5 8.7934
68 8.7436
68.5 8.6944
69 8.6458
69.5 8.598
70 8.5507
70.5 8.5041
71 8.4581
71.5 8.4127
72 8.3679
72.5 8.3236
73 8.2799
73.5 8.2368
74 8.1942
74.5 8.1521
75 8.1106
75.5 8.0696
76 8.0291
76.5 7.989
77 7.9495
77.5 7.9104
78 7.8718
78.5 7.8337
79 7.796
79.5 7.7587
80 7.7219
80.5 7.6855
81 7.6496
81.5 7.614
82 7.5789
82.5 7.5441
83 7.5098
83.5 7.4758
84 7.4422
84.5 7.4089
85 7.3761
85.5 7.3436
86 7.3114
86.5 7.2796
87 7.2482
87.5 7.217
88 7.1862
88.5 7.1558
89 7.1256
89.5 7.0958
90 7.0663
90.5 7.037
91 7.0081
91.5 6.9795
92 6.9512
92.5 6.9231
93 6.8954
93.5 6.8679
94 6.8407
94.5 6.8137
95 6.787
95.5 6.7606
96 6.7345
96.5 6.7086
97 6.6829
97.5 6.6575
98 6.6324
98.5 6.6074
99 6.5828
99.5 6.5583
100 6.5341
100.5 6.5101
101 6.4863
101.5 6.4628
102 6.4394
102.5 6.4163
103 6.3934
103.5 6.3707
104 6.3482
104.5 6.3259
105 6.3038
105.5 6.2819
106 6.2602
106.5 6.2387
107 6.2174
107.5 6.1962
108 6.1753
108.5 6.1545
109 6.1339
109.5 6.1135
110 6.0933
110.5 6.0732
111 6.0533
111.5 6.0336
112 6.014
112.5 5.9946
113 5.9754
113.5 5.9563
114 5.9374
114.5 5.9186
115 5.9
115.5 5.8816
116 5.8633
116.5 5.8451
117 5.8271
117.5 5.8092
118 5.7915
118.5 5.7739
119 5.7565
119.5 5.7392
120 5.722
120.5 5.705
121 5.6881
121.5 5.6713
122 5.6546
122.5 5.6381
123 5.6217
123.5 5.6055
124 5.5893
124.5 5.5733
125 5.5574
125.5 5.5417
126 5.526
126.5 5.5105
127 5.495
127.5 5.4797
128 5.4645
128.5 5.4495
129 5.4345
129.5 5.4196
130 5.4049
130.5 5.3902
131 5.3757
131.5 5.3613
132 5.3469
132.5 5.3327
133 5.3186
133.5 5.3045
134 5.2906
134.5 5.2768
135 5.2631
135.5 5.2494
136 5.2359
136.5 5.2224
137 5.2091
137.5 5.1958
138 5.1826
138.5 5.1696
139 5.1566
139.5 5.1437
140 5.1309
140.5 5.1181
141 5.1055
141.5 5.0929
142 5.0804
142.5 5.0681
143 5.0557
143.5 5.0435
144 5.0314
144.5 5.0193
145 5.0073
145.5 4.9954
146 4.9836
146.5 4.9718
147 4.9601
147.5 4.9485
148 4.937
148.5 4.9256
149 4.9142
149.5 4.9029
150 4.8916
150.5 4.8805
151 4.8694
151.5 4.8584
152 4.8474
152.5 4.8365
153 4.8257
153.5 4.8149
154 4.8043
154.5 4.7936
155 4.7831
155.5 4.7726
156 4.7622
156.5 4.7518
157 4.7415
157.5 4.7313
158 4.7211
158.5 4.711
159 4.7009
159.5 4.6909
160 4.681
160.5 4.6711
161 4.6613
161.5 4.6516
162 4.6419
162.5 4.6322
163 4.6226
163.5 4.6131
164 4.6036
164.5 4.5942
165 4.5848
165.5 4.5755
166 4.5663
166.5 4.5571
167 4.5479
167.5 4.5388
168 4.5298
168.5 4.5208
169 4.5118
169.5 4.5029
170 4.4941
170.5 4.4853
171 4.4766
171.5 4.4679
172 4.4592
172.5 4.4506
173 4.4421
173.5 4.4336
174 4.4251
174.5 4.4167
175 4.4083
175.5 4.4
176 4.3917
176.5 4.3835
177 4.3753
177.5 4.3672
178 4.3591
178.5 4.351
179 4.343
179.5 4.3351
180 4.3271
180.5 4.3193
181 4.3114
181.5 4.3036
182 4.2959
182.5 4.2882
183 4.2805
183.5 4.2728
184 4.2653
184.5 4.2577
185 4.2502
185.5 4.2427
186 4.2353
186.5 4.2279
187 4.2205
187.5 4.2132
188 4.2059
188.5 4.1986
189 4.1914
189.5 4.1843
190 4.1771
190.5 4.17
191 4.1629
191.5 4.1559
192 4.1489
192.5 4.142
193 4.135
193.5 4.1281
194 4.1213
194.5 4.1145
195 4.1077
195.5 4.1009
196 4.0942
196.5 4.0875
197 4.0808
197.5 4.0742
198 4.0676
198.5 4.0611
199 4.0545
199.5 4.048
200 4.0416
200.5 4.0351
201 4.0287
201.5 4.0223
202 4.016
202.5 4.0097
203 4.0034
203.5 3.9972
204 3.9909
204.5 3.9847
205 3.9786
205.5 3.9724
206 3.9663
206.5 3.9603
207 3.9542
207.5 3.9482
208 3.9422
208.5 3.9362
209 3.9303
209.5 3.9244
210 3.9185
210.5 3.9126
211 3.9068
211.5 3.901
212 3.8952
212.5 3.8895
213 3.8838
213.5 3.8781
214 3.8724
214.5 3.8668
215 3.8611
215.5 3.8555
216 3.85
216.5 3.8444
217 3.8389
217.5 3.8334
218 3.828
218.5 3.8225
219 3.8171
219.5 3.8117
220 3.8063
220.5 3.801
221 3.7956
221.5 3.7903
222 3.785
222.5 3.7798
223 3.7746
223.5 3.7693
224 3.7642
224.5 3.759
225 3.7538
225.5 3.7487
226 3.7436
226.5 3.7386
227 3.7335
227.5 3.7285
228 3.7234
228.5 3.7185
229 3.7135
229.5 3.7085
230 3.7036
230.5 3.6987
231 3.6938
231.5 3.689
232 3.6841
232.5 3.6793
233 3.6745
233.5 3.6697
234 3.6649
234.5 3.6602
235 3.6555
235.5 3.6508
236 3.6461
236.5 3.6414
237 3.6368
237.5 3.6321
238 3.6275
238.5 3.6229
239 3.6184
239.5 3.6138
240 3.6093
240.5 3.6047
241 3.6002
241.5 3.5958
242 3.5913
242.5 3.5869
243 3.5824
243.5 3.578
244 3.5736
244.5 3.5693
245 3.5649
245.5 3.5606
246 3.5563
246.5 3.552
247 3.5477
247.5 3.5434
248 3.5391
248.5 3.5349
249 3.5307
249.5 3.5265
250 3.5223
250.5 3.5181
251 3.514
251.5 3.5098
252 3.5057
252.5 3.5016
253 3.4975
253.5 3.4935
254 3.4894
254.5 3.4854
255 3.4813
255.5 3.4773
256 3.4733
256.5 3.4693
257 3.4654
257.5 3.4614
258 3.4575
258.5 3.4536
259 3.4497
259.5 3.4458
260 3.4419
260.5 3.438
261 3.4342
261.5 3.4304
262 3.4265
262.5 3.4227
263 3.419
263.5 3.4152
264 3.4114
264.5 3.4077
265 3.4039
265.5 3.4002
266 3.3965
266.5 3.3928
267 3.3892
267.5 3.3855
268 3.3818
268.5 3.3782
269 3.3746
269.5 3.371
270 3.3674
270.5 3.3638
271 3.3602
271.5 3.3567
272 3.3531
272.5 3.3496
273 3.3461
273.5 3.3426
274 3.3391
274.5 3.3356
275 3.3321
275.5 3.3287
276 3.3252
276.5 3.3218
277 3.3183
277.5 3.3149
278 3.3115
278.5 3.3082
279 3.3048
279.5 3.3014
280 3.2981
280.5 3.2947
281 3.2914
281.5 3.2881
282 3.2848
282.5 3.2815
283 3.2782
283.5 3.275
284 3.2717
284.5 3.2685
285 3.2653
285.5 3.262
286 3.2588
286.5 3.2556
287 3.2524
287.5 3.2493
288 3.2461
288.5 3.2429
289 3.2398
289.5 3.2367
290 3.2335
290.5 3.2304
291 3.2273
291.5 3.2242
292 3.2212
292.5 3.2181
293 3.215
293.5 3.212
294 3.2089
294.5 3.2059
295 3.2029
295.5 3.1999
296 3.1969
296.5 3.1939
297 3.1909
297.5 3.188
298 3.185
298.5 3.182
299 3.1791
299.5 3.1762
300 3.1733
300.5 3.1703
301 3.1675
301.5 3.1646
302 3.1617
302.5 3.1588
303 3.156
303.5 3.1531
304 3.1503
304.5 3.1474
305 3.1446
305.5 3.1418
306 3.139
306.5 3.1362
307 3.1334
307.5 3.1306
308 3.1278
308.5 3.1251
309 3.1223
309.5 3.1196
310 3.1169
310.5 3.1141
311 3.1114
311.5 3.1087
312 3.106
312.5 3.1033
313 3.1006
313.5 3.098
314 3.0953
314.5 3.0926
315 3.09
315.5 3.0874
316 3.0847
316.5 3.0821
317 3.0795
317.5 3.0769
318 3.0743
318.5 3.0717
319 3.0691
319.5 3.0665
320 3.064
320.5 3.0614
321 3.0589
321.5 3.0563
322 3.0538
322.5 3.0513
323 3.0488
323.5 3.0462
324 3.0437
324.5 3.0412
325 3.0388
325.5 3.0363
326 3.0338
326.5 3.0313
327 3.0289
327.5 3.0264
328 3.024
328.5 3.0216
329 3.0191
329.5 3.0167
330 3.0143
330.5 3.0119
331 3.0095
331.5 3.0071
332 3.0047
332.5 3.0024
333 3
333.5 2.9976
334 2.9953
334.5 2.9929
335 2.9906
335.5 2.9883
336 2.9859
336.5 2.9836
337 2.9813
337.5 2.979
338 2.9767
338.5 2.9744
339 2.9721
339.5 2.9698
340 2.9676
340.5 2.9653
341 2.9631
341.5 2.9608
342 2.9586
342.5 2.9563
343 2.9541
343.5 2.9519
344 2.9496
344.5 2.9474
345 2.9452
345.5 2.943
346 2.9408
346.5 2.9387
347 2.9365
347.5 2.9343
348 2.9321
348.5 2.93
349 2.9278
349.5 2.9257
350 2.9235
350.5 2.9214
351 2.9193
351.5 2.9171
352 2.915
352.5 2.9129
353 2.9108
353.5 2.9087
354 2.9066
354.5 2.9045
355 2.9025
355.5 2.9004
356 2.8983
356.5 2.8962
357 2.8942
357.5 2.8921
358 2.8901
358.5 2.8881
359 2.886
359.5 2.884
360 2.882
360.5 2.8799
361 2.8779
361.5 2.8759
362 2.8739
362.5 2.8719
363 2.8699
363.5 2.868
364 2.866
364.5 2.864
365 2.862
365.5 2.8601
366 2.8581
366.5 2.8562
367 2.8542
367.5 2.8523
368 2.8504
368.5 2.8484
369 2.8465
369.5 2.8446
370 2.8427
370.5 2.8408
371 2.8389
371.5 2.837
372 2.8351
372.5 2.8332
373 2.8313
373.5 2.8294
374 2.8276
374.5 2.8257
375 2.8238
375.5 2.822
376 2.8201
376.5 2.8183
377 2.8164
377.5 2.8146
378 2.8128
378.5 2.8109
379 2.8091
379.5 2.8073
380 2.8055
380.5 2.8037
381 2.8019
381.5 2.8001
382 2.7983
382.5 2.7965
383 2.7947
383.5 2.793
384 2.7912
384.5 2.7894
385 2.7876
385.5 2.7859
386 2.7841
386.5 2.7824
387 2.7806
387.5 2.7789
388 2.7772
388.5 2.7754
389 2.7737
389.5 2.772
390 2.7703
390.5 2.7686
391 2.7668
391.5 2.7651
392 2.7634
392.5 2.7617
393 2.7601
393.5 2.7584
394 2.7567
394.5 2.755
395 2.7533
395.5 2.7517
396 2.75
396.5 2.7483
397 2.7467
397.5 2.745
398 2.7434
398.5 2.7417
399 2.7401
399.5 2.7385
400 2.7368
