RayStation internal tissues. Composition, mass density rho and mean
excitation energy I [eV] are derived from few base materials, which can be found in RayStation Reference manual
together with the interpolation formulae.
H C N O Na Mg Al P S Cl Ar K Ca Fe Zn
Atomic number Z 1 6 7 8 11 12 13 15 16 17 18 19 20 26 30
Atomic mass A 1.008 12.011 14.007 15.999 22.990 24.305 26.982 30.974 32.065 35.453 39.098 39.948 40.078 55.845 65.380
Tissue name Composition [%] rho I binEdges < rho <
vacuum 100.0 0.0 0.0 0.0 0.0 0.0 0.0 0.0 0.0 0.0 0.0 0.0 0.0 0.0 0.0 0.000 19.200 - -
interp1 0.0 0.0 75.5 23.2 0.0 0.0 0.0 0.0 0.0 0.0 1.3 0.0 0.0 0.0 0.0 0.001 85.700 0.000 0.001
interp2 9.9 10.1 5.9 72.9 0.2 0.0 0.0 0.2 0.3 0.3 0.0 0.2 0.0 0.0 0.0 0.028 75.642 0.001 0.055
interp3 10.2 10.4 3.8 74.4 0.2 0.0 0.0 0.2 0.3 0.3 0.0 0.2 0.0 0.0 0.0 0.082 75.390 0.055 0.109
interp4 10.3 10.5 3.4 74.7 0.2 0.0 0.0 0.2 0.3 0.3 0.0 0.2 0.0 0.0 0.0 0.136 75.338 0.109 0.163
interp5 10.3 10.5 3.2 74.8 0.2 0.0 0.0 0.2 0.3 0.3 0.0 0.2 0.0 0.0 0.0 0.190 75.315 0.163 0.217
interp6 10.3 10.5 3.1 74.9 0.2 0.0 0.0 0.2 0.3 0.3 0.0 0.2 0.0 0.0 0.0 0.244 75.303 0.217 0.271
interp7 10.5 19.2 2.7 66.6 0.2 0.0 0.0 0.2 0.3 0.3 0.0 0.2 0.0 0.0 0.0 0.298 72.998 0.271 0.325
interp8 10.7 28.2 2.2 57.9 0.2 0.0 0.0 0.1 0.2 0.2 0.0 0.1 0.0 0.0 0.0 0.352 70.671 0.325 0.379
interp9 10.8 34.9 1.9 51.6 0.2 0.0 0.0 0.1 0.2 0.2 0.0 0.1 0.0 0.0 0.0 0.406 69.015 0.379 0.433
interp10 11.0 40.0 1.7 46.7 0.1 0.0 0.0 0.1 0.2 0.2 0.0 0.1 0.0 0.0 0.0 0.460 67.776 0.433 0.487
interp11 11.0 44.0 1.5 42.9 0.1 0.0 0.0 0.1 0.2 0.2 0.0 0.1 0.0 0.0 0.0 0.514 66.815 0.487 0.541
interp12 11.1 47.3 1.3 39.7 0.1 0.0 0.0 0.1 0.2 0.2 0.0 0.1 0.0 0.0 0.0 0.568 66.048 0.541 0.595
interp13 11.2 50.0 1.2 37.2 0.1 0.0 0.0 0.0 0.1 0.1 0.0 0.0 0.0 0.0 0.0 0.622 65.422 0.595 0.649
interp14 11.2 52.3 1.1 35.0 0.1 0.0 0.0 0.0 0.1 0.1 0.0 0.0 0.0 0.0 0.0 0.676 64.900 0.649 0.703
interp15 11.3 54.2 1.0 33.2 0.1 0.0 0.0 0.0 0.1 0.1 0.0 0.0 0.0 0.0 0.0 0.730 64.460 0.703 0.757
interp16 11.3 55.9 0.9 31.6 0.1 0.0 0.0 0.0 0.1 0.1 0.0 0.0 0.0 0.0 0.0 0.784 64.083 0.757 0.811
interp17 11.3 57.3 0.8 30.2 0.1 0.0 0.0 0.0 0.1 0.1 0.0 0.0 0.0 0.0 0.0 0.838 63.756 0.811 0.865
interp18 11.4 58.6 0.8 29.0 0.1 0.0 0.0 0.0 0.1 0.1 0.0 0.0 0.0 0.0 0.0 0.892 63.470 0.865 0.919
interp19 11.4 59.7 0.7 27.9 0.1 0.0 0.0 0.0 0.1 0.1 0.0 0.0 0.0 0.0 0.0 0.946 63.218 0.919 0.973
interp20 10.8 36.0 2.1 50.4 0.1 0.0 0.0 0.1 0.2 0.1 0.0 0.2 0.0 0.0 0.0 1.000 68.940 0.973 1.027
interp21 10.2 14.0 3.3 71.3 0.1 0.0 0.0 0.4 0.3 0.1 0.0 0.4 0.0 0.0 0.0 1.054 74.723 1.027 1.081
interp22 9.5 10.0 2.2 73.9 0.5 0.0 0.0 2.3 0.9 0.3 0.0 0.0 0.4 0.0 0.0 1.108 75.431 1.081 1.135
interp23 9.0 10.5 2.5 70.5 0.4 0.0 0.0 3.3 0.8 0.3 0.0 0.0 2.7 0.0 0.0 1.162 78.370 1.135 1.189
interp24 8.5 11.0 2.7 67.4 0.4 0.1 0.0 4.1 0.8 0.2 0.0 0.0 4.9 0.0 0.0 1.216 81.176 1.189 1.243
interp25 8.0 11.4 2.9 64.6 0.3 0.1 0.0 4.9 0.7 0.2 0.0 0.0 6.9 0.0 0.0 1.270 83.856 1.243 1.297
interp26 7.6 11.8 3.0 62.0 0.3 0.1 0.0 5.7 0.7 0.2 0.0 0.0 8.7 0.0 0.0 1.324 86.418 1.297 1.351
interp27 7.2 12.2 3.2 59.6 0.3 0.1 0.0 6.3 0.6 0.2 0.0 0.0 10.4 0.0 0.0 1.378 88.869 1.351 1.405
interp28 6.8 12.5 3.3 57.4 0.2 0.1 0.0 6.9 0.6 0.1 0.0 0.0 12.0 0.0 0.0 1.432 91.213 1.405 1.459
interp29 6.5 12.8 3.5 55.3 0.2 0.1 0.0 7.5 0.5 0.1 0.0 0.0 13.4 0.0 0.0 1.486 93.458 1.459 1.513
interp30 6.2 13.1 3.6 53.4 0.1 0.2 0.0 8.0 0.5 0.1 0.0 0.0 14.8 0.0 0.0 1.540 95.609 1.513 1.567
interp31 5.9 13.4 3.7 51.6 0.1 0.2 0.0 8.5 0.5 0.1 0.0 0.0 16.0 0.0 0.0 1.593 97.671 1.567 1.620
interp32 5.6 13.6 3.8 50.0 0.1 0.2 0.0 9.0 0.4 0.1 0.0 0.0 17.2 0.0 0.0 1.647 99.649 1.620 1.674
interp33 5.3 13.9 3.9 48.4 0.1 0.2 0.0 9.4 0.4 0.0 0.0 0.0 18.3 0.0 0.0 1.701 101.548 1.674 1.728
interp34 5.1 14.1 4.0 47.0 0.0 0.2 0.0 9.8 0.4 0.0 0.0 0.0 19.3 0.0 0.0 1.755 103.372 1.728 1.782
interp35 4.9 14.3 4.1 45.6 0.0 0.2 0.0 10.2 0.3 0.0 0.0 0.0 20.3 0.0 0.0 1.809 105.126 1.782 1.836
interp36 4.7 14.4 4.2 44.6 0.0 0.2 0.0 10.5 0.3 0.0 0.0 0.0 21.0 0.0 0.0 1.863 106.400 1.836 1.890
interp37 4.7 14.4 4.2 44.6 0.0 0.2 0.0 10.5 0.3 0.0 0.0 0.0 21.0 0.0 0.0 1.917 106.400 1.890 1.944
interp38 4.7 14.4 4.2 44.6 0.0 0.2 0.0 10.5 0.3 0.0 0.0 0.0 21.0 0.0 0.0 1.971 106.400 1.944 1.998
interp39 4.7 14.4 4.2 44.6 0.0 0.2 0.0 10.5 0.3 0.0 0.0 0.0 21.0 0.0 0.0 2.025 106.400 1.998 2.052
interp40 4.7 14.4 4.2 44.6 0.0 0.2 0.0 10.5 0.3 0.0 0.0 0.0 21.0 0.0 0.0 2.079 106.400 2.052 2.106
interp41 4.4 13.4 3.9 41.5 0.0 0.2 7.0 9.8 0.3 0.0 0.0 0.0 19.5 0.0 0.0 2.133 109.530 2.106 2.160
interp42 3.9 11.8 3.4 36.6 0.0 0.2 17.9 8.6 0.3 0.0 0.0 0.0 17.2 0.0 0.0 2.187 114.663 2.160 2.214
interp43 3.4 10.3 3.0 32.0 0.0 0.2 28.4 7.5 0.2 0.0 0.0 0.0 15.0 0.0 0.0 2.241 119.859 2.214 2.268
interp44 2.9 8.9 2.6 27.5 0.0 0.1 38.3 6.5 0.2 0.0 0.0 0.0 13.0 0.0 0.0 2.295 125.113 2.268 2.322
interp45 2.5 7.5 2.2 23.3 0.0 0.1 47.7 5.5 0.2 0.0 0.0 0.0 11.0 0.0 0.0 2.349 130.421 2.322 2.376
interp46 2.0 6.2 1.8 19.3 0.0 0.1 56.8 4.5 0.1 0.0 0.0 0.0 9.1 0.0 0.0 2.403 135.780 2.376 2.430
interp47 1.6 5.0 1.5 15.4 0.0 0.1 65.4 3.6 0.1 0.0 0.0 0.0 7.3 0.0 0.0 2.457 141.186 2.430 2.484
interp48 1.2 3.8 1.1 11.7 0.0 0.1 73.7 2.8 0.1 0.0 0.0 0.0 5.5 0.0 0.0 2.511 146.635 2.484 2.538
interp49 0.9 2.7 0.8 8.2 0.0 0.0 81.6 1.9 0.1 0.0 0.0 0.0 3.9 0.0 0.0 2.565 152.124 2.538 2.592
interp50 0.5 1.6 0.5 4.8 0.0 0.0 89.2 1.1 0.0 0.0 0.0 0.0 2.3 0.0 0.0 2.619 157.650 2.592 2.646
interp51 0.2 0.5 0.1 1.6 0.0 0.0 96.5 0.4 0.0 0.0 0.0 0.0 0.7 0.0 0.0 2.673 163.209 2.646 2.700
interp52 0.0 0.0 0.0 0.0 0.0 0.0 81.2 0.0 0.0 0.0 0.0 0.0 0.0 18.8 0.0 3.217 183.344 2.700 3.734
interp53 0.0 0.0 0.0 0.0 0.0 0.0 47.8 0.0 0.0 0.0 0.0 0.0 0.0 52.2 0.0 4.251 219.486 3.734 4.768
interp54 0.0 0.0 0.0 0.0 0.0 0.0 27.5 0.0 0.0 0.0 0.0 0.0 0.0 72.5 0.0 5.285 245.388 4.768 5.802
interp55 0.0 0.0 0.0 0.0 0.0 0.0 13.8 0.0 0.0 0.0 0.0 0.0 0.0 86.2 0.0 6.319 264.746 5.802 6.836
interp56 0.0 0.0 0.0 0.0 0.0 0.0 3.9 0.0 0.0 0.0 0.0 0.0 0.0 96.1 0.0 7.353 279.722 6.836 7.870